 -9.6715536e-001  2.6553122e+000
 -3.2201380e-001 -7.2719805e-001
  4.4091321e-001  1.8201074e-001
  8.0279637e-001 -1.5892627e+000
 -5.2688734e-002 -1.3749048e-002
 -8.8851646e-001  1.6859851e+000
 -1.8446379e-001 -3.7646056e-001
 -3.2848833e-001 -7.3965192e-001
 -3.9179378e-001 -8.0120654e-001
 -4.0703000e-001 -9.1031487e-001
  9.4283627e-001 -2.8288323e+000
  1.5058639e-001  1.3842245e-001
 -5.2525073e-001 -6.1106571e-001
  8.2332900e-001 -1.7022722e+000
 -9.2447714e-001  2.0167929e+000
  1.1406846e-001  2.2811134e-001
  3.4893632e-001  4.6013852e-001
  8.6505148e-001 -2.2299120e+000
  9.7696552e-001 -3.4162808e+000
 -6.5522373e-001 -1.9398301e-001
 -9.9403862e-001  2.9388171e+000
 -7.5358641e-001  3.4049712e-001
 -6.7143080e-001 -1.1879952e-001
  1.4334277e-001  3.3358568e-001
  1.3483619e-001  3.2829982e-001
  5.1533177e-001  1.3032060e-001
 -7.7901414e-001  5.7312150e-001
  4.7075823e-001  2.0554966e-001
  6.6276667e-002  1.4837649e-002
 -7.1858356e-002 -2.3438759e-001
  1.8885273e-001  4.6758575e-001
  9.6642468e-001 -3.1828119e+000
 -2.6964430e-001 -6.4136973e-001
 -4.4908745e-001 -5.9914467e-001
 -3.4408858e-001 -6.9604263e-001
  7.7563558e-001 -1.4461361e+000
  5.5153397e-001  4.3692625e-002
 -5.3664947e-001 -5.5577501e-001
  3.0123589e-001  5.3494113e-001
 -9.3628010e-001  2.1880742e+000
  9.5023009e-001 -3.1939139e+000
 -7.7041537e-001  2.8677934e-001
 -7.1522214e-001  5.7797603e-002
  4.3827484e-001  3.3155413e-001
 -3.4419722e-001 -6.3511824e-001
  3.5584902e-001  3.6105001e-001
 -7.9652952e-001  5.0386540e-001
  1.1973736e-001  1.7445191e-001
 -7.5445709e-001  3.7323816e-001
 -4.9819099e-001 -8.1807789e-001
  1.4035040e-001  3.6051027e-001
 -9.8223385e-001  2.8499144e+000
 -6.3073099e-002 -3.2048912e-001
 -4.1191150e-001 -6.9626984e-001
 -4.8131897e-001 -6.8265094e-001
  3.8957630e-002  1.6493807e-001
  2.1316000e-003  1.1343562e-001
 -8.7088491e-001  1.4425508e+000
 -3.0338398e-002 -1.5062137e-001
  6.3859419e-001 -3.6046828e-001
  3.1932917e-001  5.0342534e-001
 -6.1169693e-001 -5.3574142e-001
  9.1774035e-001 -2.5603717e+000
  9.0786836e-001 -2.7189881e+000
  8.1379163e-001 -1.4966597e+000
 -2.3786126e-001 -3.6408305e-001
  2.8358107e-001  3.7930160e-001
  6.4062983e-001 -5.1113806e-001
 -1.6607725e-001 -4.7776353e-001
  4.3563983e-001  2.3437774e-001
  6.6460503e-001 -4.5600966e-001
  3.3879299e-001  4.5046374e-001
  1.1399474e-001  3.2195887e-001
  9.1963084e-001 -2.5508202e+000
  7.8939574e-001 -1.2554239e+000
 -7.4814563e-001  4.2286532e-001
 -9.3569240e-002 -2.2983003e-001
 -3.9326574e-001 -7.5198240e-001
 -7.4607787e-001  8.1057142e-002
 -3.5913530e-001 -7.9086338e-001
 -2.6120456e-001 -4.3431180e-001
  7.1409821e-001 -8.0272422e-001
 -6.3813113e-001 -4.3807134e-001
 -8.0141881e-001  6.5307021e-001
 -9.6473213e-001  2.5698579e+000
  5.9571908e-001 -2.0660088e-001
 -4.8692958e-001 -8.4935207e-001
 -2.8033893e-001 -6.3822199e-001
  6.1705925e-001 -1.5735036e-001
  1.3249462e-001  1.1587816e-001
  5.6415226e-001 -1.1996437e-001
 -2.4389326e-002 -2.1747832e-001
 -1.1686832e-001 -1.6075404e-001
 -3.2410759e-001 -5.7310844e-001
 -8.9043634e-001  1.7301811e+000
  3.8468502e-001  4.2411477e-001
 -9.6455671e-001  2.7809050e+000
 -1.5716313e-001 -3.3581884e-001
  7.6275167e-001 -1.0857486e+000
 -9.9703904e-001  2.9695093e+000
  1.4055530e-003 -1.6844953e-001
  5.0959412e-001  8.4249039e-003
  3.5101479e-001  4.2256904e-001
 -6.3779640e-001 -2.6488404e-001
  9.9204581e-001 -3.4241551e+000
  7.8292254e-001 -1.5330913e+000
  3.9197645e-001  4.8351499e-001
 -7.9598581e-001  7.8414870e-001
  7.4335352e-001 -1.0622315e+000
  8.1670899e-001 -1.8306679e+000
  8.1216319e-001 -1.4903035e+000
  1.3427438e-001  1.4431940e-001
 -1.8352356e-001 -3.2386921e-001
 -7.9872400e-001  5.8372318e-001
  8.7754524e-002  2.4010445e-001
 -1.1962842e-001 -1.4861263e-001
  2.6109050e-001  2.7358895e-001
 -5.7101230e-001 -4.4965218e-001
  2.7961917e-001  5.3808415e-001
  9.3684089e-001 -2.8011288e+000
  3.9442642e-001  4.1485138e-001
  7.6832996e-001 -1.1100305e+000
  8.5367160e-001 -2.0503128e+000
  8.9051932e-001 -2.4024016e+000
  3.5764692e-002 -2.2296730e-002
 -6.4364391e-001 -2.3134856e-001
  6.4394768e-001 -3.1141202e-001
 -9.0218190e-001  1.8329836e+000
 -7.4168680e-001  7.2011719e-002
  8.6384997e-001 -2.2571418e+000
 -4.3818582e-001 -8.9802530e-001
  8.8819158e-001 -2.4677341e+000
  3.6867591e-001  3.6067868e-001
  3.4829462e-001  3.3092660e-001
 -2.4660180e-001 -5.0798500e-001
  7.3620022e-001 -9.3694351e-001
  1.1708136e-001  1.7808996e-001
 -3.9325324e-001 -6.2978192e-001
  6.9847843e-001 -8.5569635e-001
  5.6911413e-001 -5.2698862e-002
  9.4125587e-001 -2.8127810e+000
  9.5649708e-001 -3.2357319e+000
  2.0653536e-001  3.6307065e-001
 -9.7014479e-001  2.7764663e+000
 -4.8613362e-001 -8.2372883e-001
 -3.7989897e-001 -6.2564008e-001
 -5.4542231e-001 -6.1248677e-001
  4.4512949e-001  4.4620133e-001
  2.9827656e-001  5.4998971e-001
  8.5916820e-001 -1.9702115e+000
  8.7991856e-002  3.2363470e-001
 -1.1630554e-001 -3.3804637e-001
  2.8045943e-001  4.8818787e-001
 -5.5964245e-001 -6.2343590e-001
 -9.0099512e-001  1.8230449e+000
 -5.7909117e-001 -5.3930973e-001
  7.2837996e-001 -1.0000035e+000
 -7.7831588e-001  3.2269612e-001
  9.2994396e-001 -2.8114558e+000
 -1.9267463e-001 -4.4468778e-001
 -6.3526161e-001 -3.6649200e-001
  1.2567563e-001  2.5504452e-001
 -1.7527317e-001 -4.3999808e-001
  5.7681635e-001 -6.9264623e-002
 -8.4593351e-001  1.1853370e+000
 -9.4551792e-001  2.3939069e+000
  6.8370387e-001 -6.7607453e-001
 -7.5864106e-001  1.8238446e-001
  9.0529607e-001 -2.4275656e+000
  2.2434036e-001  3.4006243e-001
 -4.7297275e-001 -7.8341057e-001
  3.9296063e-001  2.8966509e-001
  5.2838120e-002  8.3184344e-002
  2.5795832e-001  4.0533032e-001
  2.4128894e-001  3.1208157e-001
  4.4023246e-001  2.7436174e-001
 -9.0963672e-001  1.6766119e+000
  6.1166731e-001 -4.1064955e-001
 -2.1110613e-001 -6.2670382e-001
 -6.6997295e-001 -2.1402465e-001
  7.9458474e-001 -1.3206939e+000
  7.8468041e-001 -1.4481604e+000
  6.9013913e-001 -5.5455955e-001
  1.9402684e-001  2.7790072e-001
 -1.6451595e-001 -4.8684305e-001
  1.1407742e-001  9.2270514e-002
  8.7779345e-002  2.2282047e-001
  4.3696226e-001  3.0950406e-001
 -2.5441901e-001 -5.3668214e-001
 -5.1961633e-001 -5.8098982e-001
  3.3761142e-001  2.2939942e-001
 -9.2664192e-001  2.2468375e+000
 -2.2883106e-001 -6.7427268e-001
  5.6612023e-001  6.2483415e-002
 -3.1303913e-001 -7.6274950e-001
  1.3203579e-001  3.7451669e-001
 -3.6347669e-001 -6.8287538e-001
  9.8616354e-001 -3.5631625e+000
 -9.4535237e-001  2.3860909e+000
 -4.5492270e-001 -6.0791866e-001
