 -5.8955314e-003  2.0100199e-002
  7.1060577e-003 -1.7667018e-002
  1.1666042e-003 -2.5153536e-002
  1.3264732e-006 -4.8222169e-002
 -1.0358517e-002  3.2205107e-002
  1.0091160e-002 -4.1078703e-002
 -5.3353157e-003  1.7450581e-002
  9.8122367e-003 -3.5452929e-002
 -1.0386059e-002 -1.8034439e-002
 -8.4422893e-004  3.5016481e-002
 -5.9535474e-001 -3.3369607e-002
 -6.0578594e-001 -4.3570824e-002
 -5.9965303e-001 -3.7544547e-002
 -6.0663101e-001 -8.4784419e-002
 -6.0966024e-001 -1.1843379e-001
 -5.9760966e-001 -1.3611420e-001
 -6.1335452e-001 -1.1127765e-001
 -6.0793005e-001 -1.8968264e-001
 -5.9962611e-001 -1.7861381e-001
 -5.9262918e-001 -2.6385590e-001
 -6.0491747e-001 -2.8099549e-001
 -5.9687149e-001 -3.3437639e-001
 -6.0726621e-001 -3.5493564e-001
 -6.0088071e-001 -3.6497846e-001
 -5.9608358e-001 -3.5470702e-001
 -5.9603144e-001 -4.1425713e-001
 -5.9285660e-001 -3.9760461e-001
 -6.1282024e-001 -3.5172567e-001
 -5.9788296e-001 -3.9274488e-001
 -5.9890924e-001 -4.3667061e-001
 -6.0047521e-001 -3.9351046e-001
 -5.9059054e-001 -4.6414821e-001
 -5.9561385e-001 -4.7068811e-001
 -5.9442107e-001 -4.2544122e-001
 -6.0754371e-001 -4.2921629e-001
 -6.1175315e-001 -4.1805298e-001
 -6.1169129e-001 -4.8203277e-001
 -6.0488302e-001 -4.5847626e-001
 -5.9072350e-001 -4.5009766e-001
 -5.9451072e-001 -4.5070526e-001
 -5.9479685e-001 -4.4309659e-001
 -6.0490395e-001 -4.5005169e-001
 -6.0784550e-001 -4.9317245e-001
 -6.0974740e-001 -4.9726943e-001
 -6.1281817e-001 -5.2335361e-001
 -5.9255579e-001 -4.8324336e-001
 -6.0071799e-001 -4.9266139e-001
 -5.9958750e-001 -4.4674701e-001
 -6.0278781e-001 -5.1508845e-001
 -6.1379668e-001 -5.0993269e-001
 -5.9345241e-001 -4.7413549e-001
 -6.0198816e-001 -5.0267476e-001
 -6.0376814e-001 -4.4889148e-001
 -5.9577242e-001 -4.5618878e-001
 -6.0776792e-001 -4.7591406e-001
 -5.9355247e-001 -4.7742181e-001
 -5.9045596e-001 -4.4208962e-001
 -6.0284220e-001 -4.5164035e-001
 -6.1013338e-001 -5.2657909e-001
 -5.9931458e-001 -4.5133649e-001
 -6.1312993e-001 -5.2675794e-001
 -5.9256072e-001 -5.2027897e-001
 -5.9914816e-001 -4.4923744e-001
 -5.9846154e-001 -4.9456720e-001
 -6.0512839e-001 -4.7719191e-001
 -5.9085582e-001 -4.8444011e-001
 -6.0071222e-001 -5.3183041e-001
 -6.0971177e-001 -4.6513623e-001
 -6.1305653e-001 -4.9028997e-001
 -5.9272781e-001 -4.8899765e-001
 -6.0332638e-001 -5.3388279e-001
 -6.0914833e-001 -4.9062876e-001
 -6.0383358e-001 -5.3280150e-001
 -5.9358338e-001 -4.6267738e-001
 -6.1307590e-001 -5.2877182e-001
 -6.1051263e-001 -4.9943526e-001
 -5.9766356e-001 -4.4429665e-001
 -5.9309858e-001 -4.5329015e-001
 -6.1334724e-001 -4.4350443e-001
  7.1727190e-001 -4.7715114e-001
  7.2140796e-001 -4.5670016e-001
  7.3070693e-001 -4.9497191e-001
  7.3119053e-001 -5.0116326e-001
  7.1984714e-001 -5.4578827e-001
  7.1811732e-001 -5.7067751e-001
  7.1932274e-001 -6.5926205e-001
  7.1401541e-001 -6.9012771e-001
  7.3223509e-001 -6.5261983e-001
  7.2525082e-001 -6.9951415e-001
  7.2659567e-001 -7.5821505e-001
  7.3514041e-001 -7.4037184e-001
  7.2489809e-001 -8.1681919e-001
  7.1937678e-001 -8.1081831e-001
  7.3528007e-001 -7.7981440e-001
  7.3323780e-001 -7.8990807e-001
  7.3531399e-001 -8.5861430e-001
  7.3558725e-001 -9.0305776e-001
  7.2890648e-001 -8.5405773e-001
  7.2172637e-001 -8.6279081e-001
  7.2478415e-001 -8.6866173e-001
  7.1835220e-001 -8.9604514e-001
  7.2678125e-001 -8.8530942e-001
  7.3154653e-001 -9.2033897e-001
  7.3363328e-001 -9.2804254e-001
  7.2229647e-001 -9.2576148e-001
  7.3249328e-001 -9.2384712e-001
  7.3488737e-001 -9.5418735e-001
  7.3473876e-001 -8.9151558e-001
  7.1361913e-001 -9.6758391e-001
  7.1548110e-001 -9.3130061e-001
  7.3271742e-001 -8.8451517e-001
  7.1576058e-001 -9.2005288e-001
  7.2562319e-001 -8.8850217e-001
  7.1822859e-001 -9.4654035e-001
  7.3175271e-001 -9.3162460e-001
  7.3279761e-001 -8.9497713e-001
  7.1629295e-001 -9.8461319e-001
  7.2362753e-001 -9.4677322e-001
  7.2039513e-001 -9.2165323e-001
  7.2313430e-001 -9.1326158e-001
  7.1831713e-001 -8.9583859e-001
  7.1970970e-001 -9.4122288e-001
  7.3155959e-001 -9.3746466e-001
  7.2346614e-001 -9.2381857e-001
  7.1472657e-001 -9.4045843e-001
  7.2937381e-001 -9.1071780e-001
  7.3034764e-001 -9.2669689e-001
  7.3691615e-001 -9.7726844e-001
  7.3267914e-001 -9.2211579e-001
  7.1974862e-001 -9.8027659e-001
  7.3488402e-001 -9.3242389e-001
  7.3063989e-001 -9.1285360e-001
  7.2495494e-001 -9.0473524e-001
  7.2223071e-001 -9.4694449e-001
  7.2286171e-001 -9.4891565e-001
  7.1749055e-001 -9.3585381e-001
  7.3596457e-001 -9.5318260e-001
  7.2299450e-001 -9.4771948e-001
  7.2680999e-001 -9.5707786e-001
  7.1390427e-001 -9.7034578e-001
  7.2762940e-001 -9.2661473e-001
  7.2682183e-001 -9.8811828e-001
  7.2298467e-001 -9.4273954e-001
  7.2854514e-001 -9.0338021e-001
  7.2032679e-001 -9.8936448e-001
  7.2699315e-001 -9.4033836e-001
  7.3505202e-001 -9.5097099e-001
  7.1424893e-001 -9.9047876e-001
  2.6459990e-001 -9.5859341e-001
  2.5473598e-001 -9.0485680e-001
  2.5400893e-001 -8.7300805e-001
  2.6912830e-001 -7.8013556e-001
  2.6102791e-001 -7.0903022e-001
  2.6837128e-001 -6.5622034e-001
  2.5845305e-001 -5.2113608e-001
  2.7095361e-001 -4.8153903e-001
  2.6236606e-001 -3.6275457e-001
  2.6654243e-001 -3.1029548e-001
  2.5795642e-001 -1.6869952e-001
  2.7603481e-001 -1.6632216e-001
  2.7741473e-001 -5.2943302e-002
  2.6171933e-001 -5.5962314e-002
  2.7636006e-001  5.1217754e-002
  2.7128719e-001  8.4817805e-002
  2.5928525e-001  1.1132567e-001
  2.7309841e-001  1.5861905e-001
  2.6920456e-001  1.4991435e-001
  2.6485827e-001  1.9481997e-001
  2.6229172e-001  1.9588008e-001
  2.6085396e-001  2.8184771e-001
  2.5903746e-001  2.7978108e-001
  2.5837505e-001  2.9373265e-001
  2.6269701e-001  2.5654114e-001
  2.5810646e-001  2.8874772e-001
  2.7448725e-001  2.7705732e-001
  2.6901053e-001  2.7464545e-001
  2.7610097e-001  3.1423631e-001
  2.6634256e-001  3.8661257e-001
  2.7339565e-001  3.3255310e-001
  2.7259211e-001  3.4372915e-001
  2.5849805e-001  4.0455545e-001
  2.5594605e-001  3.9820316e-001
  2.5652088e-001  3.3815030e-001
  2.7613813e-001  3.6608682e-001
  2.7587983e-001  3.2808588e-001
  2.7633012e-001  3.5976194e-001
  2.6675135e-001  4.2160220e-001
  2.7727191e-001  3.9801854e-001
  2.6855851e-001  3.7476426e-001
  2.7189564e-001  3.6224694e-001
  2.7427417e-001  3.9081478e-001
  2.6299371e-001  3.6716863e-001
  2.7001141e-001  4.2510843e-001
  2.6623030e-001  4.1969941e-001
  2.6362130e-001  4.3111600e-001
  2.7758342e-001  3.5148225e-001
  2.7491645e-001  4.3472063e-001
  2.5443123e-001  3.8754040e-001
  2.6746112e-001  4.1971482e-001
  2.6897494e-001  3.7934365e-001
  2.5695391e-001  4.0371756e-001
  2.6269778e-001  3.8419150e-001
  2.6789225e-001  3.8434716e-001
  2.6741137e-001  3.7156417e-001
  2.6994874e-001  3.7790871e-001
  2.5744723e-001  3.5954125e-001
  2.7358144e-001  3.9713638e-001
  2.5971637e-001  4.2951787e-001
  2.6803676e-001  3.6509453e-001
  2.6088681e-001  4.2029907e-001
  2.5602915e-001  4.2868835e-001
  2.6400584e-001  4.2718253e-001
  2.6585322e-001  4.3681101e-001
  2.7378707e-001  3.8788880e-001
  2.5613731e-001  4.2270701e-001
  2.7578794e-001  4.4032401e-001
  2.7075143e-001  4.1058022e-001
 -9.9749515e-001  4.3255869e-001
 -9.9468020e-001  3.9242342e-001
 -9.9696886e-001  5.1143860e-001
 -9.9887433e-001  6.5134671e-001
 -1.0063179e+000  8.3514977e-001
 -1.0013109e+000  1.0412574e+000
 -1.0008665e+000  1.2829756e+000
 -9.9131738e-001  1.4052661e+000
 -1.0004366e+000  1.6345858e+000
 -9.9390905e-001  1.8054644e+000
 -9.9329191e-001  1.9059320e+000
 -1.0079965e+000  2.0098165e+000
 -9.9366233e-001  2.1670340e+000
 -9.9404346e-001  2.2772931e+000
 -1.0045251e+000  2.4138221e+000
 -1.0011510e+000  2.4457289e+000
 -1.0009836e+000  2.4995749e+000
 -1.0062825e+000  2.5669925e+000
 -1.0055091e+000  2.6277482e+000
 -1.0011016e+000  2.7031918e+000
 -1.0089297e+000  2.7839820e+000
 -9.8779671e-001  2.8348556e+000
 -9.9965598e-001  2.8052582e+000
 -9.9369853e-001  2.9250655e+000
 -9.9657897e-001  2.9331610e+000
 -9.9832118e-001  2.9464802e+000
 -1.0026152e+000  2.9530870e+000
 -1.0071705e+000  3.0192358e+000
 -9.9859428e-001  2.9898089e+000
 -9.8657575e-001  3.0334282e+000
 -1.0076533e+000  2.9959867e+000
 -9.8815089e-001  3.0575765e+000
 -9.9133880e-001  3.0516274e+000
 -9.9324619e-001  3.0674888e+000
 -1.0072099e+000  3.1097828e+000
 -1.0051732e+000  3.0760778e+000
 -1.0059161e+000  3.0926139e+000
 -9.8919334e-001  3.0835494e+000
 -9.9625884e-001  3.1048329e+000
 -9.9705237e-001  3.1009579e+000
 -9.8640322e-001  3.1276591e+000
 -9.9189570e-001  3.0893722e+000
 -9.9613470e-001  3.0924841e+000
 -9.8758507e-001  3.1439207e+000
 -9.9235258e-001  3.1032138e+000
 -9.9189854e-001  3.1205039e+000
 -9.9012017e-001  3.1066073e+000
 -9.9984218e-001  3.1745441e+000
 -1.0056397e+000  3.1635189e+000
 -9.9410472e-001  3.1284135e+000
 -1.0092462e+000  3.1051862e+000
 -1.0019410e+000  3.1777489e+000
 -9.9132075e-001  3.1085652e+000
 -1.0100710e+000  3.1744955e+000
 -9.9508903e-001  3.1947950e+000
 -9.9960366e-001  3.1294306e+000
 -1.0016729e+000  3.1710289e+000
 -1.0039009e+000  3.1325645e+000
 -1.0057264e+000  3.1785007e+000
 -9.9787691e-001  3.1318241e+000
 -1.0049148e+000  3.1653678e+000
 -9.8892986e-001  3.1841857e+000
 -1.0081064e+000  3.1558457e+000
 -9.9892526e-001  3.1440121e+000
 -1.0079447e+000  3.1004863e+000
 -9.8811605e-001  3.1979435e+000
 -1.0012196e+000  3.1519821e+000
 -1.0103083e+000  3.1719642e+000
 -9.9709107e-001  3.1771419e+000
 -9.1215647e-001  3.1851576e+000
 -9.1155829e-001  3.1588696e+000
 -9.0472750e-001  3.0937597e+000
 -9.1201227e-001  2.9869950e+000
 -9.0079110e-001  2.9024606e+000
 -9.1210128e-001  2.8673675e+000
 -9.0223370e-001  2.7226614e+000
 -8.9611251e-001  2.6073918e+000
 -9.0394424e-001  2.5773063e+000
 -8.9399700e-001  2.4808582e+000
 -9.1155211e-001  2.4451008e+000
 -8.9548669e-001  2.3123719e+000
 -8.9940546e-001  2.2825062e+000
 -9.0127159e-001  2.1862863e+000
 -8.9388716e-001  2.1401226e+000
 -8.9461093e-001  2.0852998e+000
 -9.0630841e-001  2.1037470e+000
 -8.9560996e-001  2.0594812e+000
 -9.0792299e-001  2.0247863e+000
 -9.0764296e-001  2.0028545e+000
 -9.1551188e-001  1.9581464e+000
 -8.9983393e-001  1.9905115e+000
 -9.0242020e-001  1.9013760e+000
 -8.9697793e-001  1.9608066e+000
 -8.9199330e-001  1.8522289e+000
 -9.0677308e-001  1.8889854e+000
 -9.1165705e-001  1.8524943e+000
 -9.0124168e-001  1.8533183e+000
 -8.9216069e-001  1.8451174e+000
 -8.9864737e-001  1.8366070e+000
 -9.0575194e-001  1.8615001e+000
 -9.0993400e-001  1.8480217e+000
 -9.0946340e-001  1.8317326e+000
 -9.1209497e-001  1.8411718e+000
 -9.1267127e-001  1.7910602e+000
 -9.0753135e-001  1.8200746e+000
 -9.1188916e-001  1.7959518e+000
 -8.9882623e-001  1.7669288e+000
 -8.9688819e-001  1.8244979e+000
 -8.9674950e-001  1.8155995e+000
 -9.0359104e-001  1.7977967e+000
 -8.9712029e-001  1.7491218e+000
 -9.0941751e-001  1.7727823e+000
 -9.1254590e-001  1.7518281e+000
 -9.0245358e-001  1.7644779e+000
 -8.9362401e-001  1.8313764e+000
 -9.0776228e-001  1.7519738e+000
 -8.9405106e-001  1.8234347e+000
 -9.1555982e-001  1.8031278e+000
 -8.9634230e-001  1.8202918e+000
 -8.9268651e-001  1.8022262e+000
 -9.1433375e-001  1.8184155e+000
 -9.1260006e-001  1.7589729e+000
 -9.1081371e-001  1.7390372e+000
 -9.0249630e-001  1.7821871e+000
 -9.0133941e-001  1.7393035e+000
 -8.9284986e-001  1.7566214e+000
 -8.9485106e-001  1.7296863e+000
 -8.9767376e-001  1.7628248e+000
 -9.1303338e-001  1.7758478e+000
 -8.9713714e-001  1.7818764e+000
 -9.0153854e-001  1.7644095e+000
 -9.1221263e-001  1.7488809e+000
 -9.0293443e-001  1.8013126e+000
 -9.1279655e-001  1.7835228e+000
 -9.0749061e-001  1.8041998e+000
 -9.1483187e-001  1.7518957e+000
 -9.1157185e-001  1.7623651e+000
 -9.0993062e-001  1.7942108e+000
 -8.4407882e-001  1.7770593e+000
 -8.4553512e-001  1.7537452e+000
 -8.3397680e-001  1.7753188e+000
 -8.3431326e-001  1.7089267e+000
 -8.4803177e-001  1.7052045e+000
 -8.4605092e-001  1.6411938e+000
 -8.3740268e-001  1.6022265e+000
 -8.3644947e-001  1.5235779e+000
 -8.3985752e-001  1.5104689e+000
 -8.5145474e-001  1.3949645e+000
 -8.4706463e-001  1.3494236e+000
 -8.3212217e-001  1.3564502e+000
 -8.4280298e-001  1.3046953e+000
 -8.5057605e-001  1.3177698e+000
 -8.4208036e-001  1.2951653e+000
 -8.3580496e-001  1.2106698e+000
 -8.4099830e-001  1.2785788e+000
 -8.5439871e-001  1.2643245e+000
 -8.5035233e-001  1.2547073e+000
 -8.3379688e-001  1.1929840e+000
 -8.3818606e-001  1.1366954e+000
 -8.4402394e-001  1.1533675e+000
 -8.5577684e-001  1.1593103e+000
 -8.4728612e-001  1.1452149e+000
 -8.3693690e-001  1.1405222e+000
 -8.3723928e-001  1.0926806e+000
 -8.3198312e-001  1.1304726e+000
 -8.4873522e-001  1.1288087e+000
 -8.4763384e-001  1.1352639e+000
 -8.3963107e-001  1.0762441e+000
 -8.5500185e-001  1.1606551e+000
 -8.3965025e-001  1.1274959e+000
 -8.5300230e-001  1.0735410e+000
 -8.3674260e-001  1.0764402e+000
 -8.4105362e-001  1.1026939e+000
 -8.3318131e-001  1.0930318e+000
 -8.4635457e-001  1.1067937e+000
 -8.5284187e-001  1.0923992e+000
 -8.4031892e-001  1.1391524e+000
 -8.3619557e-001  1.0766865e+000
 -8.3868258e-001  1.1359827e+000
 -8.4752108e-001  1.0724172e+000
 -8.3783503e-001  1.0666091e+000
 -8.5039050e-001  1.1369742e+000
 -8.5112722e-001  1.1050687e+000
 -8.4147981e-001  1.0508487e+000
 -8.4668880e-001  1.1058616e+000
 -8.4349462e-001  1.1112547e+000
 -8.3504779e-001  1.0812160e+000
 -8.5175282e-001  1.1006039e+000
 -8.3399752e-001  1.0550297e+000
 -8.4428512e-001  1.1035529e+000
 -8.4854721e-001  1.0617237e+000
 -8.4303950e-001  1.0943717e+000
 -8.5178681e-001  1.0704394e+000
 -8.4182009e-001  1.1347708e+000
 -8.3581664e-001  1.1206674e+000
 -8.5180355e-001  1.1212953e+000
 -8.4839183e-001  1.1128147e+000
 -8.3916826e-001  1.0674507e+000
 -8.4064335e-001  1.1190732e+000
 -8.4811844e-001  1.0793347e+000
 -8.5104407e-001  1.0650206e+000
 -8.4512889e-001  1.1207642e+000
 -8.4990885e-001  1.0981385e+000
 -8.3799859e-001  1.0497695e+000
 -8.5333731e-001  1.1074572e+000
 -8.3559863e-001  1.1184379e+000
 -8.4506002e-001  1.1251709e+000
  7.2743760e-001  1.0593372e+000
  7.4900869e-001  1.0957253e+000
  7.5007465e-001  9.6879948e-001
  7.4662643e-001  8.4632510e-001
  7.4264240e-001  6.9124510e-001
  7.4521130e-001  6.2456106e-001
  7.4764849e-001  4.1520307e-001
  7.5012349e-001  2.8659439e-001
  7.4061218e-001  1.6199096e-001
  7.4821059e-001  6.1191631e-002
  7.5057950e-001 -1.0481033e-001
  7.3286895e-001 -2.0898875e-001
  7.4724417e-001 -3.1942524e-001
  7.3802802e-001 -4.0572881e-001
  7.4205105e-001 -4.5824577e-001
  7.4786779e-001 -5.4367016e-001
  7.4605663e-001 -5.6814652e-001
  7.3785852e-001 -6.4965353e-001
  7.3007685e-001 -6.2811565e-001
  7.4863455e-001 -7.3467545e-001
  7.3986771e-001 -7.5679305e-001
  7.2795088e-001 -7.4113506e-001
  7.2699470e-001 -8.3036954e-001
  7.4256874e-001 -8.0353923e-001
  7.4614289e-001 -8.4330150e-001
  7.4222399e-001 -9.2497538e-001
  7.4566078e-001 -8.4576287e-001
  7.4877664e-001 -8.9271764e-001
  7.4521988e-001 -9.2842040e-001
  7.3883392e-001 -8.9969621e-001
  7.5069884e-001 -9.3234704e-001
  7.3296948e-001 -9.6156483e-001
  7.3128112e-001 -9.4833216e-001
  7.3480040e-001 -1.0224827e+000
  7.4579857e-001 -9.9215642e-001
  7.4715693e-001 -1.0213049e+000
  7.4550024e-001 -1.0316888e+000
  7.4436838e-001 -1.0047149e+000
  7.4721972e-001 -1.0288732e+000
  7.4352901e-001 -9.7331959e-001
  7.4917749e-001 -1.0225402e+000
  7.4303776e-001 -1.0515074e+000
  7.4471811e-001 -1.0097200e+000
  7.3487219e-001 -1.0440640e+000
  7.4232253e-001 -1.0018707e+000
  7.3787561e-001 -1.0267583e+000
  7.4926732e-001 -1.0486067e+000
  7.4868663e-001 -1.0449746e+000
  7.3527426e-001 -1.0574464e+000
  7.4223372e-001 -1.0203796e+000
  7.3606814e-001 -1.0313724e+000
  7.3138978e-001 -1.0663764e+000
  7.3969303e-001 -1.0060396e+000
  7.3402192e-001 -1.0729217e+000
  7.4716603e-001 -1.0704498e+000
  7.4743332e-001 -1.0261742e+000
  7.4655769e-001 -1.0085328e+000
  7.4899660e-001 -9.9801793e-001
  7.2850534e-001 -1.0209844e+000
  7.3531092e-001 -1.0314396e+000
  7.4718327e-001 -1.0876228e+000
  7.2783264e-001 -1.0796570e+000
  7.3625532e-001 -1.0379429e+000
  7.3153270e-001 -1.0551042e+000
  7.4624049e-001 -1.0298427e+000
  7.2747580e-001 -1.0449867e+000
  7.3474710e-001 -1.0109312e+000
  7.4259246e-001 -1.0394954e+000
  7.4824819e-001 -1.0760545e+000
  8.2647855e-001 -1.0882719e+000
  8.2827357e-001 -1.0248099e+000
  8.3649782e-001 -1.1086036e+000
  8.2731758e-001 -1.0735560e+000
  8.4767708e-001 -1.2102152e+000
  8.2374804e-001 -1.2360389e+000
  8.4224916e-001 -1.3127207e+000
  8.4491151e-001 -1.3873066e+000
  8.4409402e-001 -1.4074059e+000
  8.4276833e-001 -1.4426787e+000
  8.4122589e-001 -1.4678599e+000
  8.3607462e-001 -1.5355563e+000
  8.2805227e-001 -1.5968126e+000
  8.4354392e-001 -1.5922899e+000
  8.2717971e-001 -1.5955600e+000
  8.4113065e-001 -1.6613936e+000
  8.2721003e-001 -1.6665881e+000
  8.2439039e-001 -1.7182590e+000
  8.4268116e-001 -1.7387927e+000
  8.4450568e-001 -1.6972885e+000
  8.3305252e-001 -1.7223546e+000
  8.2783120e-001 -1.6956436e+000
  8.3348275e-001 -1.7246669e+000
  8.3158996e-001 -1.7616202e+000
  8.2587834e-001 -1.8167955e+000
  8.3508891e-001 -1.7728588e+000
  8.4506331e-001 -1.7891183e+000
  8.3886409e-001 -1.7691859e+000
  8.2533242e-001 -1.7912103e+000
  8.4156711e-001 -1.7646479e+000
  8.2705762e-001 -1.8550055e+000
  8.3337808e-001 -1.7789181e+000
  8.4336281e-001 -1.8275080e+000
  8.3031782e-001 -1.8351065e+000
  8.3498132e-001 -1.8010118e+000
  8.3722219e-001 -1.7915065e+000
  8.2855857e-001 -1.8395333e+000
  8.4505960e-001 -1.8237045e+000
  8.4425728e-001 -1.7831306e+000
  8.4462434e-001 -1.7825619e+000
  8.2753149e-001 -1.8797130e+000
  8.3842714e-001 -1.8399660e+000
  8.3564428e-001 -1.8005555e+000
  8.3922486e-001 -1.8148296e+000
  8.2843912e-001 -1.8520617e+000
  8.4014655e-001 -1.8567794e+000
  8.4701425e-001 -1.8853953e+000
  8.3102481e-001 -1.8636312e+000
  8.2408283e-001 -1.8412101e+000
  8.3242727e-001 -1.8747482e+000
  8.2670255e-001 -1.8670646e+000
  8.4559877e-001 -1.8099061e+000
  8.4540406e-001 -1.8555274e+000
  8.4557319e-001 -1.8644594e+000
  8.2474387e-001 -1.7964613e+000
  8.3912612e-001 -1.8734715e+000
  8.2756445e-001 -1.8574589e+000
  8.2811798e-001 -1.8711059e+000
  8.4318009e-001 -1.8724207e+000
  8.3315388e-001 -1.7960737e+000
  8.3736589e-001 -1.8107782e+000
  8.3384106e-001 -1.8137760e+000
  8.3952409e-001 -1.8696436e+000
  8.2762910e-001 -1.8148165e+000
  8.2632963e-001 -1.8273777e+000
  8.3285781e-001 -1.8171801e+000
  8.2544257e-001 -1.8228996e+000
  8.4530891e-001 -1.8064135e+000
  8.2966056e-001 -1.8885675e+000
 -1.2405066e-001 -1.8336097e+000
 -1.1593504e-001 -1.8602083e+000
 -1.3427245e-001 -1.8179257e+000
 -1.3557788e-001 -1.7429027e+000
 -1.2990917e-001 -1.5442143e+000
 -1.2451249e-001 -1.4368464e+000
 -1.1552931e-001 -1.3933187e+000
 -1.2682747e-001 -1.2192407e+000
 -1.3439887e-001 -1.1220319e+000
 -1.2610203e-001 -1.0367875e+000
 -1.3184044e-001 -9.5892178e-001
 -1.1355361e-001 -9.5995252e-001
 -1.1743326e-001 -8.4362328e-001
 -1.2101313e-001 -8.3623543e-001
 -1.1623181e-001 -6.8733889e-001
 -1.2517185e-001 -6.5037288e-001
 -1.1397359e-001 -6.3697949e-001
 -1.3152417e-001 -6.5104279e-001
 -1.3099269e-001 -5.6746178e-001
 -1.2486671e-001 -5.6125068e-001
 -1.2628715e-001 -5.2737491e-001
 -1.2511107e-001 -5.3830825e-001
 -1.3125265e-001 -4.5024793e-001
 -1.3538645e-001 -4.6830422e-001
 -1.1605137e-001 -4.6593569e-001
 -1.1316127e-001 -4.0163623e-001
 -1.1680778e-001 -4.3937760e-001
 -1.1335796e-001 -4.3491897e-001
 -1.2650734e-001 -4.0761763e-001
 -1.3542028e-001 -3.9480266e-001
 -1.2406840e-001 -3.3466798e-001
 -1.2532891e-001 -3.3349403e-001
 -1.1488982e-001 -3.3145318e-001
 -1.1406139e-001 -3.3209725e-001
 -1.2535575e-001 -3.0052676e-001
 -1.2417334e-001 -3.3754052e-001
 -1.3088655e-001 -3.4832033e-001
 -1.2530602e-001 -3.1586689e-001
 -1.3468151e-001 -3.1484104e-001
 -1.3522378e-001 -3.0193415e-001
 -1.1725028e-001 -3.5885137e-001
 -1.2445812e-001 -2.8536644e-001
 -1.2301671e-001 -3.3550523e-001
 -1.1438732e-001 -3.0721269e-001
 -1.2598988e-001 -3.0169427e-001
 -1.2234968e-001 -2.6202396e-001
 -1.2336836e-001 -2.6253596e-001
 -1.3008619e-001 -3.0797519e-001
 -1.3212872e-001 -2.8962221e-001
 -1.1509684e-001 -3.1877752e-001
 -1.1274420e-001 -3.1427215e-001
 -1.2129700e-001 -3.1657135e-001
 -1.1528665e-001 -2.5910657e-001
 -1.1766503e-001 -3.2884616e-001
 -1.2212688e-001 -3.1567895e-001
 -1.2922597e-001 -3.4017007e-001
 -1.2742398e-001 -3.1103864e-001
 -1.3499647e-001 -2.7549392e-001
 -1.1938971e-001 -2.5248460e-001
 -1.2070063e-001 -3.3644039e-001
 -1.2953296e-001 -2.9113625e-001
 -1.3531256e-001 -2.8871340e-001
 -1.2134982e-001 -3.2538114e-001
 -1.2603799e-001 -3.4379856e-001
 -1.1344412e-001 -3.2526381e-001
 -1.1266360e-001 -3.0656475e-001
 -1.1677634e-001 -3.1007269e-001
 -1.2772601e-001 -2.6111123e-001
 -1.1895814e-001 -2.7984526e-001
 -8.7157286e-001 -3.3522054e-001
 -8.6681794e-001 -3.3388018e-001
 -8.8009013e-001 -2.5634864e-001
 -8.7634957e-001 -1.5360504e-001
 -8.6354260e-001 -5.4210057e-002
 -8.6831798e-001  1.0722294e-001
 -8.7309155e-001  2.7419560e-001
 -8.7347019e-001  3.0365069e-001
 -8.8091061e-001  4.9476185e-001
 -8.6781673e-001  5.3424355e-001
 -8.8488574e-001  6.2095785e-001
 -8.7626018e-001  7.5044710e-001
 -8.8356321e-001  8.1336618e-001
 -8.7474033e-001  8.2255049e-001
 -8.8302392e-001  9.6973141e-001
 -8.6582086e-001  9.3695994e-001
 -8.7119427e-001  1.0694477e+000
 -8.6951253e-001  1.0710257e+000
 -8.8412440e-001  1.0845499e+000
 -8.8286144e-001  1.1912529e+000
 -8.7476561e-001  1.1626906e+000
 -8.7643261e-001  1.1883783e+000
 -8.6776061e-001  1.1846466e+000
 -8.7859640e-001  1.2156605e+000
 -8.7601561e-001  1.2669983e+000
 -8.6284975e-001  1.3223668e+000
 -8.7570910e-001  1.3081408e+000
 -8.8312948e-001  1.2830704e+000
 -8.7532227e-001  1.3417198e+000
 -8.7875287e-001  1.2938095e+000
 -8.6442511e-001  1.3203933e+000
 -8.7851734e-001  1.3088541e+000
 -8.8052141e-001  1.3531912e+000
 -8.7152464e-001  1.3539142e+000
 -8.8541226e-001  1.3943675e+000
 -8.6988633e-001  1.3538788e+000
 -8.6760323e-001  1.3693630e+000
 -8.7853655e-001  1.3538127e+000
 -8.7954337e-001  1.4201420e+000
 -8.7559770e-001  1.4057856e+000
 -8.7822989e-001  1.3509567e+000
 -8.6426690e-001  1.4477937e+000
 -8.6752241e-001  1.4021772e+000
 -8.8397547e-001  1.3610463e+000
 -8.7123300e-001  1.3771285e+000
 -8.7145110e-001  1.4274020e+000
 -8.7179142e-001  1.4087975e+000
 -8.7348682e-001  1.4302669e+000
 -8.7501764e-001  1.3718524e+000
 -8.6272891e-001  1.4213462e+000
 -8.7943272e-001  1.4305538e+000
 -8.6735183e-001  1.4262288e+000
 -8.7789263e-001  1.4267412e+000
 -8.7396927e-001  1.4240315e+000
 -8.7021733e-001  1.3763508e+000
 -8.7103494e-001  1.4216582e+000
 -8.8428029e-001  1.3693603e+000
 -8.7578279e-001  1.4192610e+000
 -8.6437145e-001  1.4250373e+000
 -8.6276954e-001  1.3806773e+000
 -8.7421549e-001  1.4536273e+000
 -8.8114886e-001  1.3678192e+000
 -8.7732058e-001  1.3938592e+000
 -8.7181982e-001  1.3728329e+000
 -8.6292028e-001  1.4614809e+000
 -8.8367573e-001  1.4337799e+000
 -8.7550887e-001  1.4072772e+000
 -8.6494075e-001  1.3689380e+000
 -8.7010733e-001  1.4272481e+000
 -9.1486647e-001  1.4113462e+000
 -9.1163655e-001  1.4603404e+000
 -9.0198509e-001  1.3942981e+000
 -9.0901711e-001  1.4185412e+000
 -9.2405626e-001  1.4654713e+000
 -9.1605587e-001  1.4900244e+000
 -9.2054805e-001  1.5836350e+000
 -9.1261345e-001  1.6301892e+000
 -9.1470512e-001  1.5921621e+000
 -9.1608931e-001  1.6113545e+000
 -9.1954357e-001  1.6335226e+000
 -9.0599424e-001  1.7253510e+000
 -9.2321343e-001  1.7657603e+000
 -9.1005166e-001  1.7355101e+000
 -9.2400975e-001  1.7191540e+000
 -9.1621080e-001  1.7644457e+000
 -9.1041908e-001  1.7610770e+000
 -9.1444247e-001  1.7615245e+000
 -9.2524710e-001  1.7725161e+000
 -9.0163404e-001  1.8432007e+000
 -9.0445940e-001  1.7928863e+000
 -9.1590978e-001  1.7938644e+000
 -9.1959954e-001  1.8089926e+000
 -9.0524140e-001  1.8871575e+000
 -9.1530460e-001  1.8974533e+000
 -9.1995244e-001  1.8184697e+000
 -9.0209440e-001  1.8257816e+000
 -9.2292176e-001  1.8709633e+000
 -9.0883499e-001  1.8561862e+000
 -9.2275050e-001  1.8410300e+000
 -9.1867122e-001  1.8624628e+000
 -9.2235770e-001  1.8864301e+000
 -9.1875266e-001  1.8544918e+000
 -9.0394440e-001  1.8976830e+000
 -9.1945819e-001  1.8458019e+000
 -9.0239306e-001  1.9156067e+000
 -9.1126396e-001  1.8637494e+000
 -9.0928970e-001  1.9278613e+000
 -9.0731031e-001  1.9240610e+000
 -9.2002748e-001  1.9358800e+000
 -9.0619787e-001  1.8674419e+000
 -9.0248450e-001  1.8461060e+000
 -9.1025329e-001  1.8446429e+000
 -9.0616839e-001  1.9058167e+000
 -9.2281208e-001  1.9306963e+000
 -9.0884129e-001  1.8469495e+000
 -9.0748585e-001  1.8621355e+000
 -9.1365883e-001  1.8733900e+000
 -9.0301658e-001  1.8467887e+000
 -9.1449216e-001  1.8534533e+000
 -9.0468158e-001  1.8999670e+000
 -9.2251510e-001  1.9275472e+000
 -9.0154239e-001  1.9134992e+000
 -9.2135669e-001  1.9268422e+000
 -9.1723580e-001  1.9352175e+000
 -9.0990446e-001  1.8754951e+000
 -9.0757486e-001  1.9006957e+000
 -9.0231027e-001  1.8927712e+000
 -9.1481558e-001  1.8554420e+000
 -9.1797818e-001  1.8717328e+000
 -9.0158820e-001  1.8900376e+000
 -9.0924142e-001  1.8449540e+000
 -9.0911292e-001  1.8570964e+000
 -9.1533544e-001  1.9058045e+000
 -9.2338639e-001  1.9083565e+000
 -9.1229247e-001  1.9117815e+000
 -9.2260323e-001  1.9382894e+000
 -9.1709517e-001  1.8954045e+000
 -9.0409587e-001  1.8562257e+000
 -5.1681322e-001  1.8846891e+000
 -5.0976041e-001  1.8524467e+000
 -5.1144876e-001  1.8438684e+000
 -5.1024212e-001  1.6788500e+000
 -5.1482555e-001  1.4460025e+000
 -5.2052262e-001  1.3318901e+000
 -5.0269856e-001  1.1086666e+000
 -5.1184193e-001  9.0368051e-001
 -5.1045217e-001  7.8920552e-001
 -5.1723847e-001  6.5147066e-001
 -5.0424403e-001  4.3608693e-001
 -5.1342072e-001  3.5118623e-001
 -5.0253078e-001  2.3280674e-001
 -5.1957753e-001  1.5311819e-001
 -5.1447482e-001  3.4349981e-002
 -5.1388300e-001 -2.5053108e-002
 -5.0425202e-001 -1.0606427e-001
 -4.9971719e-001 -2.0234109e-001
 -5.1856534e-001 -2.1326740e-001
 -5.1667614e-001 -2.5495799e-001
 -5.0290778e-001 -3.0006595e-001
 -5.1079274e-001 -4.0320479e-001
 -5.0969492e-001 -4.0340296e-001
 -5.0528866e-001 -4.4837547e-001
 -5.0799923e-001 -4.4491183e-001
 -5.1136161e-001 -4.8557783e-001
 -5.1978942e-001 -4.8179338e-001
 -5.0641398e-001 -4.8722677e-001
 -5.0265894e-001 -5.1974526e-001
 -5.1489374e-001 -5.4624601e-001
 -5.2241666e-001 -5.3741260e-001
 -5.0017674e-001 -5.9821669e-001
 -5.1698993e-001 -6.1552536e-001
 -5.2200595e-001 -6.3416134e-001
 -5.1450471e-001 -6.0316635e-001
 -5.1470218e-001 -6.7728675e-001
 -5.0832028e-001 -6.4485741e-001
 -5.0514049e-001 -5.9939645e-001
 -5.2098685e-001 -6.7144705e-001
 -5.0191916e-001 -6.8974316e-001
 -5.0100060e-001 -6.4641899e-001
 -5.1598004e-001 -6.4539174e-001
 -5.1809793e-001 -6.8055810e-001
 -5.1324965e-001 -7.1929232e-001
 -5.0595870e-001 -6.3600326e-001
 -5.1674889e-001 -6.9391418e-001
 -5.1008660e-001 -7.0427439e-001
 -5.1645813e-001 -7.0506627e-001
 -5.1670422e-001 -6.3900252e-001
 -5.0851466e-001 -7.0633217e-001
 -5.0723678e-001 -7.2420926e-001
 -5.2121038e-001 -6.8232068e-001
 -5.0440387e-001 -7.0892739e-001
 -5.2002889e-001 -6.4186705e-001
 -5.0652551e-001 -7.3901828e-001
 -5.2107607e-001 -6.4628992e-001
 -5.2065488e-001 -6.5241420e-001
 -5.2229087e-001 -6.8654516e-001
 -5.1271312e-001 -6.5503698e-001
 -5.1675518e-001 -6.7299018e-001
 -5.2095026e-001 -7.4276816e-001
 -5.1630110e-001 -7.1588233e-001
 -5.1737185e-001 -7.1790172e-001
 -5.1494578e-001 -7.1633726e-001
 -5.1542167e-001 -6.9956110e-001
 -4.9970444e-001 -7.4357291e-001
 -5.1719504e-001 -6.5081694e-001
 -5.0038547e-001 -7.4604087e-001
 -5.1812264e-001 -7.0119298e-001
 -5.1561687e-001 -7.3055527e-001
 -5.1667837e-001 -7.2416937e-001
 -5.2376261e-001 -6.9396749e-001
 -5.2570813e-001 -6.5609953e-001
 -5.0359835e-001 -7.0413548e-001
 -5.1310213e-001 -6.6963689e-001
 -5.1569552e-001 -7.2113393e-001
 -5.1124391e-001 -7.3619411e-001
 -5.0795313e-001 -7.3586782e-001
 -5.2426481e-001 -7.0454008e-001
 -5.0421597e-001 -6.9382351e-001
 -5.1014623e-001 -7.3172063e-001
 -5.1037143e-001 -6.4543393e-001
 -5.1255207e-001 -6.7833456e-001
 -5.1286026e-001 -7.1419579e-001
 -5.0901614e-001 -6.5922280e-001
 -5.1272383e-001 -7.3262550e-001
 -5.1250937e-001 -6.5996179e-001
 -5.2220304e-001 -6.8594905e-001
 -5.2122729e-001 -7.2121708e-001
 -5.1211131e-001 -7.3352913e-001
 -5.1258597e-001 -6.4936763e-001
 -5.1027996e-001 -7.0543804e-001
 -5.0528721e-001 -7.4222234e-001
 -5.0361603e-001 -7.3633698e-001
 -5.1485058e-001 -7.1016291e-001
 -5.1939703e-001 -6.9926407e-001
 -5.2587683e-001 -6.8156935e-001
 -5.2434402e-001 -7.0434720e-001
 -5.0699368e-001 -7.1759967e-001
 -5.2248946e-001 -7.4188038e-001
 -5.2134062e-001 -7.2130805e-001
 -5.2283552e-001 -7.3298742e-001
 -5.1878829e-001 -6.8621595e-001
 -5.0983756e-001 -7.1814818e-001
 -5.2411683e-001 -6.7365461e-001
 -5.0261067e-001 -7.1819101e-001
 -5.2224814e-001 -6.9297134e-001
 -5.0832784e-001 -7.0230143e-001
 -5.1153044e-001 -7.0398683e-001
 -5.0651395e-001 -7.1521528e-001
 -5.1784536e-001 -7.2108396e-001
 -5.1063168e-001 -7.3900130e-001
 -5.1119459e-001 -7.2871832e-001
 -5.1984822e-001 -7.2200719e-001
 -5.1070287e-001 -6.5354704e-001
 -5.1536775e-001 -7.2708445e-001
 -5.2438153e-001 -7.2362651e-001
 -5.2639824e-001 -6.7877137e-001
 -5.1769176e-001 -6.7450325e-001
 -5.2453936e-001 -6.8789710e-001
 -5.2533798e-001 -6.6156485e-001
 -5.0794798e-001 -7.3616040e-001
 -5.0930919e-001 -6.6015388e-001
 -5.0582376e-001 -7.1133140e-001
 -5.1987179e-001 -7.1868122e-001
 -5.0459268e-001 -6.9627361e-001
 -5.0325274e-001 -7.0078084e-001
 -5.1346731e-001 -6.5518993e-001
 -5.1525498e-001 -6.8580994e-001
 -5.2048032e-001 -7.0427250e-001
 -5.1274694e-001 -7.3515342e-001
 -5.1778885e-001 -7.0988452e-001
 -5.0796059e-001 -6.4871971e-001
 -5.1008403e-001 -7.3132494e-001
 -5.2371156e-001 -7.3838628e-001
 -5.2599907e-001 -7.3489956e-001
 -5.1353203e-001 -7.2501167e-001
 -5.0533015e-001 -6.6128091e-001
  2.4496809e-001 -7.3533654e-001
  2.3055176e-001 -6.5402950e-001
  2.3563104e-001 -6.1166158e-001
  2.3620565e-001 -5.6530106e-001
  2.5133245e-001 -5.0556876e-001
  2.3320652e-001 -4.0896582e-001
  2.3768725e-001 -3.1487090e-001
  2.5242611e-001 -2.8481504e-001
  2.5075302e-001 -2.3936742e-001
  2.3803783e-001 -1.3671143e-001
  2.4543954e-001 -1.1338359e-001
  2.5212359e-001 -5.4760408e-002
  2.3920740e-001  4.3903632e-002
  2.5397445e-001  5.9031330e-002
  2.4816779e-001  7.1794390e-002
  2.5433650e-001  9.1092614e-002
  2.5028450e-001  1.7343774e-001
  2.4510504e-001  1.8234266e-001
  2.4353074e-001  1.6405128e-001
  2.3634682e-001  2.6136814e-001
  2.5153128e-001  2.8125400e-001
  2.3138372e-001  2.4238856e-001
  2.5152744e-001  2.3145340e-001
  2.4277376e-001  3.3129202e-001
  2.4117239e-001  2.9623068e-001
  2.3950222e-001  3.1477924e-001
  2.5319749e-001  3.0102513e-001
  2.4280925e-001  3.4775899e-001
  2.4565834e-001  3.1904165e-001
  2.3052259e-001  3.8529429e-001
  2.5114896e-001  3.1107939e-001
  2.4808016e-001  3.3596225e-001
  2.5306368e-001  3.5635999e-001
  2.5437120e-001  3.8964555e-001
  2.4639345e-001  3.7800027e-001
  2.5083612e-001  3.4358651e-001
  2.3347773e-001  3.9324764e-001
  2.5424348e-001  3.7996261e-001
  2.4199018e-001  4.0921198e-001
  2.5184933e-001  3.3998417e-001
  2.3711006e-001  4.1514226e-001
  2.3617244e-001  3.9701820e-001
  2.3669927e-001  3.7409777e-001
  2.3381616e-001  4.0131467e-001
  2.5085409e-001  3.8168896e-001
  2.5254478e-001  3.5544158e-001
  2.3090217e-001  3.5722820e-001
  2.3970131e-001  3.3855473e-001
  2.4684457e-001  4.1075374e-001
  2.3806812e-001  4.2344690e-001
  2.3231394e-001  3.5397505e-001
  2.3517458e-001  3.8450609e-001
  2.3657853e-001  3.4116238e-001
  2.5317257e-001  4.0530669e-001
  2.3343521e-001  4.3430284e-001
  2.5198853e-001  4.1218704e-001
  2.3445372e-001  3.6594204e-001
  2.4236577e-001  3.6627578e-001
  2.4676720e-001  3.6524539e-001
  2.4116791e-001  4.2971098e-001
  2.4864649e-001  4.0894856e-001
  2.4428316e-001  3.6174017e-001
  2.3922818e-001  4.1255388e-001
  2.3429030e-001  4.3247376e-001
  2.4972086e-001  3.7240955e-001
  2.5268641e-001  3.4101561e-001
  2.4074905e-001  3.5108806e-001
  2.3719725e-001  4.3403890e-001
  2.3450093e-001  3.8650069e-001
  9.4425931e-001  3.6979920e-001
  9.3850286e-001  3.5255920e-001
  9.4107262e-001  2.1913489e-001
  9.3183770e-001  1.0093391e-001
  9.3294801e-001 -1.6302666e-001
  9.4345815e-001 -4.1554621e-001
  9.3638937e-001 -6.3324758e-001
  9.5156793e-001 -8.8312576e-001
  9.5210005e-001 -1.1080819e+000
  9.5083265e-001 -1.2111529e+000
  9.3649174e-001 -1.4670095e+000
  9.5283811e-001 -1.6149217e+000
  9.4594525e-001 -1.7131233e+000
  9.3947372e-001 -1.8312452e+000
  9.4695769e-001 -1.9595138e+000
  9.4721169e-001 -2.0864733e+000
  9.4321058e-001 -2.2042543e+000
  9.4092970e-001 -2.2593770e+000
  9.4741280e-001 -2.3268768e+000
  9.4845178e-001 -2.4336923e+000
  9.4791846e-001 -2.4570596e+000
  9.3649479e-001 -2.5449092e+000
  9.4472785e-001 -2.5531568e+000
  9.3778689e-001 -2.6622383e+000
  9.4568427e-001 -2.6938880e+000
  9.5368080e-001 -2.7129917e+000
  9.4209972e-001 -2.6976439e+000
  9.4457732e-001 -2.7359415e+000
  9.4445275e-001 -2.8041447e+000
  9.3954863e-001 -2.7860055e+000
  9.3669594e-001 -2.8085835e+000
  9.5261486e-001 -2.8262100e+000
  9.4277773e-001 -2.7960615e+000
  9.3312935e-001 -2.8146160e+000
  9.4279848e-001 -2.8989791e+000
  9.5238491e-001 -2.8856540e+000
  9.4838755e-001 -2.8832505e+000
  9.4694229e-001 -2.9032140e+000
  9.4818677e-001 -2.8991270e+000
  9.3863604e-001 -2.8800212e+000
  9.3456779e-001 -2.9245111e+000
  9.3808851e-001 -2.8931148e+000
  9.4200626e-001 -2.9689575e+000
  9.4072668e-001 -2.9200728e+000
  9.4511901e-001 -2.8953717e+000
  9.4247855e-001 -2.9656957e+000
  9.3754621e-001 -2.9723484e+000
  9.5075175e-001 -2.9046500e+000
  9.4009338e-001 -2.9597609e+000
  9.4459919e-001 -2.9109244e+000
  9.5236559e-001 -2.9252739e+000
  9.4418181e-001 -2.9010416e+000
  9.4406154e-001 -2.9833857e+000
  9.3289447e-001 -2.9576066e+000
  9.4985263e-001 -2.9559021e+000
  9.5065203e-001 -2.9672460e+000
  9.3974501e-001 -2.9054079e+000
  9.4995955e-001 -2.9600719e+000
  9.3539847e-001 -2.9324295e+000
  9.3378983e-001 -2.9559811e+000
  9.5385703e-001 -2.9237021e+000
  9.4565513e-001 -2.9795898e+000
  9.3513889e-001 -2.9783110e+000
  9.4917200e-001 -2.9261062e+000
  9.3869188e-001 -2.9569491e+000
  9.4333786e-001 -2.9276703e+000
  9.4003136e-001 -2.9193628e+000
  9.3954302e-001 -2.9549713e+000
  9.5093851e-001 -2.9549448e+000
  4.4631345e-001 -2.9252740e+000
  4.3988215e-001 -2.9776347e+000
  4.3338492e-001 -2.8113091e+000
  4.3718893e-001 -2.6980540e+000
  4.3647677e-001 -2.4402671e+000
  4.3517346e-001 -2.2208474e+000
  4.4775815e-001 -1.9428829e+000
  4.3746496e-001 -1.7141105e+000
  4.5056756e-001 -1.5408751e+000
  4.4465180e-001 -1.4005510e+000
  4.4298540e-001 -1.2151100e+000
  4.3542304e-001 -1.0653373e+000
  4.4287317e-001 -9.0870956e-001
  4.3603438e-001 -7.6546946e-001
  4.2959530e-001 -6.4093554e-001
  4.4833677e-001 -5.2716917e-001
  4.3101748e-001 -4.4507193e-001
  4.3820222e-001 -4.0971419e-001
  4.3385169e-001 -3.0534360e-001
  4.4465071e-001 -2.4460398e-001
  4.4458687e-001 -2.1830162e-001
  4.4568969e-001 -1.6078827e-001
  4.2824849e-001 -6.6853091e-002
  4.4255253e-001 -5.8919076e-002
  4.5019611e-001 -3.2678233e-002
  4.3443696e-001  3.1394076e-002
  4.3521385e-001  8.3505721e-002
  4.2745432e-001  1.0306130e-001
  4.3403440e-001  1.2005355e-001
  4.5069287e-001  1.5258626e-001
  4.3872562e-001  1.5814904e-001
  4.4912430e-001  1.2355311e-001
  4.4031400e-001  1.6983880e-001
  4.3480150e-001  2.0847676e-001
  4.4065018e-001  1.7178314e-001
  4.4314067e-001  2.0983157e-001
  4.2770469e-001  1.7260432e-001
  4.4109968e-001  1.8143930e-001
  4.4361759e-001  2.6283925e-001
  4.3264518e-001  2.6191373e-001
  4.3843998e-001  2.5757646e-001
  4.4508625e-001  2.8521642e-001
  4.3532920e-001  2.5596267e-001
  4.4364581e-001  2.9037973e-001
  4.5008406e-001  2.3230461e-001
  4.3136777e-001  2.4227537e-001
  4.3625731e-001  2.3203949e-001
  4.3397514e-001  2.2153428e-001
  4.3782145e-001  2.2885678e-001
  4.3083012e-001  2.9981169e-001
  4.3463301e-001  2.8210553e-001
  4.4847356e-001  3.1003382e-001
  4.2840970e-001  2.7784287e-001
  4.2885001e-001  2.9802095e-001
  4.2708438e-001  2.3218685e-001
  4.3747809e-001  2.9295075e-001
  4.4627356e-001  2.8472508e-001
  4.2770700e-001  2.5354238e-001
  4.2851797e-001  2.9557294e-001
  4.2707176e-001  3.0306124e-001
  4.3662453e-001  2.6377631e-001
  4.4099679e-001  3.2169411e-001
  4.4736718e-001  2.8917439e-001
  4.3861204e-001  2.9332995e-001
  4.4275630e-001  2.3619420e-001
  4.3419248e-001  3.2442595e-001
  4.3647302e-001  2.7941469e-001
  4.3672310e-001  2.8647267e-001
  4.3970425e-001  2.8385406e-001
 -4.1305876e-001  2.4495018e-001
 -4.0790677e-001  2.8380594e-001
 -4.0545468e-001  2.2452679e-001
 -4.1182601e-001  2.2908474e-001
 -4.0779146e-001  9.6685301e-002
 -4.1655797e-001  2.5321408e-002
 -4.1233672e-001 -4.7634720e-002
 -4.1019419e-001 -8.9285078e-002
 -4.1457147e-001 -2.0924822e-001
 -4.0813610e-001 -2.1729883e-001
 -4.0601602e-001 -3.0235145e-001
 -4.1442949e-001 -2.9222016e-001
 -4.1280868e-001 -3.5774693e-001
 -4.1856392e-001 -4.0226466e-001
 -4.1780006e-001 -4.7768317e-001
 -4.1855575e-001 -4.9902398e-001
 -4.2033274e-001 -5.2118312e-001
 -4.1922619e-001 -4.9998480e-001
 -4.2168429e-001 -5.8567010e-001
 -4.1272348e-001 -6.0099827e-001
 -4.0084830e-001 -5.5555014e-001
 -4.1999539e-001 -5.8492464e-001
 -4.1511239e-001 -6.4204254e-001
 -4.0103767e-001 -6.1931552e-001
 -4.0957287e-001 -6.6781995e-001
 -4.2099675e-001 -6.5193887e-001
 -4.0086608e-001 -6.8584610e-001
 -4.1259236e-001 -7.2210427e-001
 -4.0882604e-001 -7.0349394e-001
 -4.1493762e-001 -6.7364213e-001
 -4.1340059e-001 -7.5365971e-001
 -4.0761142e-001 -7.1324063e-001
 -4.0854800e-001 -6.9817358e-001
 -4.0789641e-001 -7.0521130e-001
 -4.0183893e-001 -7.1682919e-001
 -4.1160268e-001 -7.6838034e-001
 -4.1267735e-001 -7.5807993e-001
 -4.0534471e-001 -7.3296217e-001
 -4.1453698e-001 -7.6843492e-001
 -4.1295360e-001 -7.6270437e-001
 -4.0600710e-001 -7.8438546e-001
 -4.1666314e-001 -7.4138867e-001
 -3.9876472e-001 -7.2274930e-001
 -4.0612359e-001 -7.0557913e-001
 -4.1128150e-001 -7.6581817e-001
 -4.1557298e-001 -7.9070973e-001
 -4.0299679e-001 -7.6342522e-001
 -4.0775724e-001 -7.2673885e-001
 -4.0060590e-001 -7.8868958e-001
 -4.0465493e-001 -7.5324666e-001
 -4.0730570e-001 -7.4189153e-001
 -4.1575304e-001 -7.1715949e-001
 -4.1617257e-001 -6.9886833e-001
 -4.1384920e-001 -7.9140576e-001
 -3.9939549e-001 -7.9188584e-001
 -4.0954043e-001 -7.0726875e-001
 -4.0223303e-001 -7.7104733e-001
 -4.0516515e-001 -7.6749551e-001
 -4.0148034e-001 -7.7103522e-001
 -4.0868069e-001 -7.3953023e-001
 -4.1562940e-001 -7.9839947e-001
 -4.1489264e-001 -7.8584402e-001
 -4.1758183e-001 -7.1676765e-001
 -4.1134487e-001 -7.9015657e-001
 -4.0819693e-001 -7.0635135e-001
 -4.0460580e-001 -7.8664784e-001
 -4.0439776e-001 -7.0650755e-001
 -4.0807680e-001 -7.6091277e-001
 -3.9840759e-001 -7.1739881e-001
 -7.1026907e-001 -7.0475902e-001
 -7.1278378e-001 -7.5514036e-001
 -7.0137933e-001 -6.8270047e-001
 -7.0851502e-001 -7.2546294e-001
 -7.0099580e-001 -6.4787823e-001
 -7.1351941e-001 -5.8179717e-001
 -7.0652429e-001 -5.3748167e-001
 -7.1823576e-001 -4.2935031e-001
 -7.1728419e-001 -4.3652993e-001
 -7.0728952e-001 -3.2130035e-001
 -7.1616590e-001 -3.3296793e-001
 -7.1673311e-001 -2.5372668e-001
 -7.2480992e-001 -2.9518984e-001
 -7.1719364e-001 -2.7164898e-001
 -7.2129309e-001 -2.2227142e-001
 -7.1848644e-001 -1.9026869e-001
 -7.1367693e-001 -1.2188701e-001
 -7.1810191e-001 -1.0224575e-001
 -7.1390312e-001 -7.5121935e-002
 -7.1415928e-001 -1.4617303e-001
 -7.0645822e-001 -5.6572951e-002
 -7.1136152e-001 -3.6756613e-002
 -7.0986789e-001 -4.1872927e-002
 -7.1363851e-001 -1.8068110e-002
 -7.2082982e-001 -1.9513997e-002
 -7.1062150e-001 -5.3643488e-002
 -7.0326715e-001 -6.8605114e-002
 -7.2202486e-001  4.4486497e-003
 -7.0553739e-001 -4.5632283e-002
 -7.1757486e-001 -5.8782127e-002
 -7.0193717e-001  3.2419192e-002
 -7.1497619e-001 -5.0394539e-003
 -7.0859999e-001 -4.9286480e-002
 -7.1231573e-001 -2.4263045e-002
 -7.1979256e-001 -3.1192304e-004
 -7.0337746e-001 -3.8600460e-002
 -7.2068669e-001  4.6615427e-003
 -7.1890458e-001  1.8967359e-002
 -7.0370306e-001 -1.4135794e-002
 -7.0830644e-001 -3.1044319e-002
 -7.1209506e-001  1.7437856e-003
 -7.0485912e-001  2.6381538e-003
 -7.0468580e-001  9.5565644e-003
 -7.0421091e-001  2.7638097e-002
 -7.0898979e-001 -2.4057747e-002
 -7.2431844e-001 -2.0043937e-002
 -7.2074541e-001 -1.1649545e-002
 -7.0771531e-001 -2.5482369e-002
 -7.0517292e-001 -2.9799051e-003
 -7.1392253e-001  4.8776026e-002
 -7.0608089e-001 -2.7694591e-002
 -7.0241100e-001 -3.4115233e-002
 -7.0618486e-001 -3.1675484e-002
 -7.0527028e-001  2.5986125e-002
 -7.0528972e-001 -2.4991764e-002
 -7.1770244e-001 -3.4067853e-002
 -7.1101333e-001 -1.4459106e-003
 -7.1775055e-001 -3.4448339e-003
 -7.2305839e-001  2.0681147e-004
 -7.1899115e-001 -3.1318282e-002
 -7.2473600e-001  3.8328175e-002
 -7.0581530e-001  5.0870835e-002
 -7.1297188e-001  6.2959073e-002
 -7.1079240e-001  2.1908861e-002
 -7.1982319e-001  3.3404029e-002
 -7.0575742e-001  8.2060422e-003
 -7.1726395e-001  4.0602864e-002
 -7.2320963e-001  1.1886025e-003
 -7.1723278e-001 -2.8327422e-002
 -4.3720212e-001  1.6651645e-002
 -4.4371326e-001 -2.8121435e-002
 -4.3657989e-001 -1.7645741e-002
 -4.4465511e-001 -3.3068683e-002
 -4.4619057e-001 -1.2613068e-001
 -4.4598058e-001 -1.5933428e-001
 -4.5046690e-001 -2.5447187e-001
 -4.5178811e-001 -2.5622267e-001
 -4.3051586e-001 -2.7205168e-001
 -4.3115281e-001 -3.7630106e-001
 -4.3322919e-001 -4.1750771e-001
 -4.5236281e-001 -4.3508698e-001
 -4.3139265e-001 -5.1907395e-001
 -4.4414746e-001 -4.6161068e-001
 -4.4512359e-001 -5.3844423e-001
 -4.3636970e-001 -5.7850037e-001
 -4.4533795e-001 -5.9118097e-001
 -4.5109851e-001 -5.6614879e-001
 -4.3596041e-001 -6.2688248e-001
 -4.4340171e-001 -6.7313008e-001
 -4.3007020e-001 -6.4997607e-001
 -4.3405283e-001 -6.2851696e-001
 -4.4501552e-001 -6.5015506e-001
 -4.4986496e-001 -6.9103982e-001
 -4.4903358e-001 -6.6179416e-001
 -4.4720294e-001 -6.7384723e-001
 -4.3128892e-001 -6.4774242e-001
 -4.4894069e-001 -6.9565019e-001
 -4.4027596e-001 -7.2255891e-001
 -4.4365555e-001 -6.6557210e-001
 -4.4097295e-001 -7.2709569e-001
 -4.4959565e-001 -7.0819475e-001
 -4.5053439e-001 -7.1708670e-001
 -4.3583219e-001 -7.6194945e-001
 -4.3492622e-001 -7.6894758e-001
 -4.4508824e-001 -7.0987082e-001
 -4.3945980e-001 -7.1626122e-001
 -4.3988951e-001 -7.8523224e-001
 -4.4353755e-001 -6.8836046e-001
 -4.3731452e-001 -7.6774290e-001
 -4.3364755e-001 -7.8180146e-001
 -4.2934875e-001 -7.6247715e-001
 -4.3664838e-001 -7.3570508e-001
 -4.4281228e-001 -7.2105024e-001
 -4.2846222e-001 -7.4559740e-001
 -4.3483961e-001 -7.3886108e-001
 -4.4466626e-001 -7.5720526e-001
 -4.4267817e-001 -7.6261509e-001
 -4.3122592e-001 -7.1577953e-001
 -4.4220561e-001 -7.7929808e-001
 -4.3078083e-001 -7.4148698e-001
 -4.3810248e-001 -7.0118071e-001
 -4.5186078e-001 -7.2347908e-001
 -4.3969716e-001 -7.5510102e-001
 -4.4468813e-001 -7.1097343e-001
 -4.4871768e-001 -7.8942889e-001
 -4.4182415e-001 -7.8324208e-001
 -4.4510714e-001 -7.1785794e-001
 -4.4921585e-001 -7.2509692e-001
 -4.3616560e-001 -7.2688839e-001
 -4.4038400e-001 -7.2211194e-001
 -4.3061744e-001 -7.5108877e-001
 -4.4711394e-001 -7.7338981e-001
 -4.4588996e-001 -7.0107635e-001
 -4.3288259e-001 -7.7936978e-001
 -4.3653808e-001 -7.5945534e-001
 -4.4406303e-001 -7.4564045e-001
 -4.5022107e-001 -7.5363070e-001
 -4.3624056e-001 -7.8929590e-001
 -2.8142600e-001 -7.3101343e-001
 -2.9265889e-001 -7.9820882e-001
 -2.7313368e-001 -7.7568762e-001
 -2.8764634e-001 -7.6236432e-001
 -2.9308056e-001 -6.8747508e-001
 -2.7784981e-001 -7.0521358e-001
 -2.8253414e-001 -7.2818057e-001
 -2.8429622e-001 -7.0099454e-001
 -2.9166128e-001 -6.9554269e-001
 -2.9240190e-001 -7.2223675e-001
 -2.7258334e-001 -6.8951779e-001
 -2.9160260e-001 -6.3084361e-001
 -2.8044535e-001 -7.0860913e-001
 -2.7889882e-001 -7.0640178e-001
 -2.7399548e-001 -6.8247945e-001
 -2.8168760e-001 -6.4084239e-001
 -2.9377706e-001 -6.1045141e-001
 -2.9031116e-001 -5.9950517e-001
 -2.8318461e-001 -6.8862673e-001
 -2.7275128e-001 -6.8200418e-001
 -2.8218315e-001 -6.0424450e-001
 -2.7729431e-001 -6.4736898e-001
 -2.7468369e-001 -6.5273934e-001
 -2.8091496e-001 -5.9809039e-001
 -2.8013538e-001 -6.5993028e-001
 -2.9130431e-001 -6.7787501e-001
 -2.8524526e-001 -6.8162111e-001
 -2.8514565e-001 -6.3905230e-001
 -2.7810548e-001 -6.2724392e-001
 -2.8874344e-001 -6.3528214e-001
 -2.7883278e-001 -6.4391101e-001
 -2.9220130e-001 -6.4353855e-001
 -2.7189091e-001 -5.8232766e-001
 -2.8441289e-001 -6.0886844e-001
 -2.8645981e-001 -6.4263368e-001
 -2.7937801e-001 -5.8975303e-001
 -2.7873591e-001 -6.3252112e-001
 -2.8581212e-001 -5.8706651e-001
 -2.8879854e-001 -6.5690595e-001
 -2.7682751e-001 -5.8008448e-001
 -2.9265680e-001 -6.2047527e-001
 -2.8773499e-001 -5.8462330e-001
 -2.8244047e-001 -6.5350645e-001
 -2.8231329e-001 -6.2413728e-001
 -2.8760993e-001 -6.5576180e-001
 -2.8123179e-001 -6.5194799e-001
 -2.9090616e-001 -6.2382882e-001
 -2.7861301e-001 -6.5898336e-001
 -2.7190646e-001 -6.6177205e-001
 -2.7619369e-001 -6.0968830e-001
 -2.8215855e-001 -6.6963245e-001
 -2.8777297e-001 -6.5435225e-001
 -2.7706100e-001 -5.9630936e-001
 -2.8747973e-001 -6.0670463e-001
 -2.8035958e-001 -6.6089825e-001
 -2.8155947e-001 -6.0796186e-001
 -2.8081289e-001 -6.6521724e-001
 -2.8201691e-001 -6.5786257e-001
 -2.8088179e-001 -6.7210369e-001
 -2.9416416e-001 -6.5721910e-001
 -2.7101129e-001 -6.5255788e-001
 -2.8385326e-001 -6.3458147e-001
 -2.9391064e-001 -5.9454854e-001
 -2.7506409e-001 -6.1014931e-001
 -2.9343088e-001 -5.7523136e-001
 -2.8803043e-001 -6.0314857e-001
 -2.7656849e-001 -5.9326399e-001
 -2.7966649e-001 -6.1938169e-001
 -2.9098127e-001 -6.5675984e-001
 -8.7525574e-001 -6.6734891e-001
 -8.7498738e-001 -6.3774373e-001
 -8.8423736e-001 -5.1751428e-001
 -8.8490283e-001 -4.3962651e-001
 -8.7740755e-001 -3.0400034e-001
 -8.8703715e-001 -9.6221621e-002
 -8.8186549e-001  2.0799915e-003
 -8.8867219e-001  1.4161364e-001
 -8.7597564e-001  2.6145122e-001
 -8.7459535e-001  3.7130930e-001
 -8.8168182e-001  5.4887578e-001
 -8.7936484e-001  6.1457196e-001
 -8.9088699e-001  7.6515207e-001
 -8.7730919e-001  8.4666783e-001
 -8.8859207e-001  8.4567525e-001
 -8.9160978e-001  9.6645115e-001
 -8.8999180e-001  1.0118863e+000
 -8.8636469e-001  1.0940211e+000
 -8.8387044e-001  1.1209376e+000
 -8.7341807e-001  1.2045697e+000
 -8.7019284e-001  1.2193348e+000
 -8.7231787e-001  1.1960525e+000
 -8.7726029e-001  1.2713267e+000
 -8.7582082e-001  1.2587834e+000
 -8.7973829e-001  1.2884207e+000
 -8.7503135e-001  1.3165621e+000
 -8.7359874e-001  1.3084320e+000
 -8.8235839e-001  1.3162772e+000
 -8.6969813e-001  1.3890373e+000
 -8.7518563e-001  1.4133100e+000
 -8.8190790e-001  1.3750815e+000
 -8.7967567e-001  1.4474818e+000
 -8.9106667e-001  1.4513177e+000
 -8.7098154e-001  1.4079883e+000
 -8.8523472e-001  1.4353341e+000
 -8.7115202e-001  1.4091654e+000
 -8.9131825e-001  1.4865875e+000
 -8.8894091e-001  1.4514353e+000
 -8.8209471e-001  1.4865379e+000
 -8.8300929e-001  1.4428998e+000
 -8.7881804e-001  1.4544619e+000
 -8.8240897e-001  1.5110953e+000
 -8.8708649e-001  1.4370477e+000
 -8.8333931e-001  1.4893488e+000
 -8.8249422e-001  1.5212897e+000
 -8.8116093e-001  1.4692788e+000
 -8.9154082e-001  1.4650457e+000
 -8.9166137e-001  1.4650476e+000
 -8.9129240e-001  1.5172419e+000
 -8.7580830e-001  1.4453905e+000
 -8.6949943e-001  1.4356096e+000
 -8.8943228e-001  1.4561521e+000
 -8.8214081e-001  1.4941872e+000
 -8.8519944e-001  1.4441192e+000
 -8.7389892e-001  1.4533673e+000
 -8.8945380e-001  1.4932087e+000
 -8.7352886e-001  1.4549939e+000
 -8.8377370e-001  1.4888506e+000
 -8.9244279e-001  1.4922403e+000
 -8.8490473e-001  1.4979519e+000
 -8.8530257e-001  1.4797587e+000
 -8.8648930e-001  1.4783091e+000
 -8.7105132e-001  1.4742613e+000
 -8.7121727e-001  1.4852024e+000
 -8.7380427e-001  1.5416484e+000
 -8.8407520e-001  1.4806366e+000
 -8.8989827e-001  1.5314422e+000
 -8.9134266e-001  1.4430165e+000
 -8.8448814e-001  1.4728330e+000
  7.5329607e-001  1.4731524e+000
  7.6953898e-001  1.5418272e+000
  7.6544309e-001  1.4368546e+000
  7.6288762e-001  1.2664580e+000
  7.6524022e-001  1.0508043e+000
  7.5934204e-001  8.4518509e-001
  7.5312505e-001  6.9881148e-001
  7.6421021e-001  4.6401909e-001
  7.5893418e-001  3.5187048e-001
  7.5688646e-001  1.2666626e-001
  7.6211039e-001  5.7423429e-002
  7.5323259e-001 -1.2679052e-001
  7.5531375e-001 -2.8352299e-001
  7.6215143e-001 -3.0360521e-001
  7.6715668e-001 -3.9962097e-001
  7.5526001e-001 -5.3927919e-001
  7.5028856e-001 -5.8299690e-001
  7.6245305e-001 -6.9119299e-001
  7.7387968e-001 -7.4825112e-001
  7.5179781e-001 -8.1145535e-001
  7.5495832e-001 -8.5232318e-001
  7.7284879e-001 -8.6399140e-001
  7.6659697e-001 -8.7328376e-001
  7.6734833e-001 -9.8585707e-001
  7.6064482e-001 -9.7207697e-001
  7.6743793e-001 -1.0474485e+000
  7.6308804e-001 -1.0535777e+000
  7.6685422e-001 -1.0214850e+000
  7.7390852e-001 -1.1019182e+000
  7.5496478e-001 -1.1020686e+000
  7.5594804e-001 -1.0573360e+000
  7.6906676e-001 -1.1087967e+000
  7.7075811e-001 -1.1682546e+000
  7.5229416e-001 -1.0893606e+000
  7.5173350e-001 -1.1454702e+000
  7.6153778e-001 -1.1296820e+000
  7.6111019e-001 -1.1857258e+000
  7.6999234e-001 -1.1907592e+000
  7.5189581e-001 -1.1388226e+000
  7.7117828e-001 -1.1517442e+000
  7.5783865e-001 -1.1386079e+000
  7.7206651e-001 -1.1584345e+000
  7.5291261e-001 -1.1581661e+000
  7.7345460e-001 -1.1943358e+000
  7.6380611e-001 -1.2260662e+000
  7.6123732e-001 -1.2044452e+000
  7.7345744e-001 -1.1970594e+000
  7.5585820e-001 -1.2502238e+000
  7.6324744e-001 -1.2176235e+000
  7.7094082e-001 -1.2299156e+000
  7.7033987e-001 -1.2077530e+000
  7.6397290e-001 -1.1921793e+000
  7.5919656e-001 -1.2385318e+000
  7.5610558e-001 -1.2294528e+000
  7.7396332e-001 -1.2096823e+000
  7.6527750e-001 -1.1698632e+000
  7.7240342e-001 -1.2103352e+000
  7.6895512e-001 -1.2590736e+000
  7.6157949e-001 -1.2559447e+000
  7.6325367e-001 -1.2558607e+000
  7.5826735e-001 -1.1994011e+000
  7.6941561e-001 -1.1882844e+000
  7.6078453e-001 -1.1736015e+000
  7.6488737e-001 -1.2583898e+000
  7.6250282e-001 -1.2642305e+000
  7.7144434e-001 -1.1878702e+000
  7.5944532e-001 -1.2171534e+000
  7.6420338e-001 -1.2417313e+000
  7.5076953e-001 -1.1735126e+000
 -1.3286950e-001 -1.2515592e+000
 -1.3774633e-001 -1.2183816e+000
 -1.4358227e-001 -1.2293620e+000
 -1.5016487e-001 -1.1527230e+000
 -1.3059154e-001 -1.0977345e+000
 -1.3229962e-001 -1.0123070e+000
 -1.3757543e-001 -9.7324043e-001
 -1.3320633e-001 -8.5630709e-001
 -1.5029413e-001 -7.9443553e-001
 -1.4274736e-001 -7.8653193e-001
 -1.3784114e-001 -6.8824651e-001
 -1.4413874e-001 -7.1442021e-001
 -1.3029035e-001 -6.1658284e-001
 -1.4656101e-001 -5.9679166e-001
 -1.4217374e-001 -6.1596608e-001
 -1.4469984e-001 -5.0503873e-001
 -1.2890055e-001 -5.3756017e-001
 -1.4841446e-001 -5.3631488e-001
 -1.2781647e-001 -4.6458185e-001
 -1.3696429e-001 -4.4900647e-001
 -1.2935238e-001 -5.0354525e-001
 -1.3605473e-001 -4.8588000e-001
 -1.3801921e-001 -3.8128330e-001
 -1.4732625e-001 -4.4904137e-001
 -1.3305303e-001 -4.2512722e-001
 -1.3322633e-001 -3.9124817e-001
 -1.4659631e-001 -3.7129141e-001
 -1.4029891e-001 -3.4565054e-001
 -1.4360886e-001 -3.4781482e-001
 -1.4167763e-001 -4.0447957e-001
 -1.2803582e-001 -3.6085560e-001
 -1.3968350e-001 -3.9014251e-001
 -1.2920250e-001 -3.2943924e-001
 -1.4391682e-001 -3.9342174e-001
 -1.3406222e-001 -3.2163236e-001
 -1.3177666e-001 -3.1023881e-001
 -1.2838923e-001 -3.2816500e-001
 -1.5043394e-001 -3.0644022e-001
 -1.4764250e-001 -2.9684475e-001
 -1.3514006e-001 -3.0764664e-001
 -1.4178555e-001 -3.4273801e-001
 -1.4861399e-001 -3.5199889e-001
 -1.3394923e-001 -3.0143372e-001
 -1.3053502e-001 -3.0541064e-001
 -1.4280953e-001 -3.0080071e-001
 -1.4708808e-001 -2.9988640e-001
 -1.3558908e-001 -3.6065487e-001
 -1.3858068e-001 -3.7956886e-001
 -1.3569206e-001 -3.8110590e-001
 -1.2672514e-001 -3.6002186e-001
 -1.2706583e-001 -3.0869958e-001
 -1.3295756e-001 -3.2004012e-001
 -1.2985943e-001 -3.7605377e-001
 -1.3359960e-001 -3.0446612e-001
 -1.2794532e-001 -3.6097230e-001
 -1.4297978e-001 -3.5778837e-001
 -1.2923295e-001 -3.4522318e-001
 -1.4827164e-001 -2.8279071e-001
 -1.3390470e-001 -3.7392513e-001
 -1.3777620e-001 -3.2890220e-001
 -1.3718169e-001 -2.9339961e-001
 -1.3573031e-001 -3.2502332e-001
 -1.4855218e-001 -3.2096222e-001
 -1.5018470e-001 -3.7427825e-001
 -1.5005886e-001 -2.8322741e-001
 -1.2764085e-001 -3.7646935e-001
 -1.5047649e-001 -3.0581348e-001
 -1.4350411e-001 -2.9929792e-001
 -1.3301395e-001 -3.3618573e-001
  6.4185711e-001 -3.2157741e-001
  6.4040898e-001 -3.6306751e-001
  6.3143502e-001 -3.1713065e-001
  6.3914656e-001 -3.0893915e-001
  6.4849924e-001 -3.0749965e-001
  6.4514193e-001 -3.9328042e-001
  6.3111080e-001 -3.8045428e-001
  6.3158450e-001 -3.7554153e-001
  6.3045413e-001 -3.8012320e-001
  6.3411512e-001 -3.9251800e-001
  6.5035530e-001 -3.4613914e-001
  6.3705246e-001 -3.7193457e-001
  6.3188347e-001 -4.1103748e-001
  6.3403367e-001 -3.7260289e-001
  6.4627000e-001 -4.3354552e-001
  6.4059576e-001 -3.5295143e-001
  6.4861896e-001 -4.4831373e-001
  6.3376247e-001 -3.7272268e-001
  6.3741599e-001 -4.5260783e-001
  6.3290779e-001 -3.9660362e-001
  6.4170960e-001 -4.1929283e-001
  6.3789229e-001 -3.7984942e-001
  6.3198190e-001 -3.8170972e-001
  6.3178293e-001 -3.8388614e-001
  6.3420610e-001 -3.7882320e-001
  6.5110450e-001 -3.9590865e-001
  6.3559908e-001 -3.7618764e-001
  6.5176220e-001 -3.9767644e-001
  6.5123676e-001 -4.6290881e-001
  6.3800757e-001 -4.4138180e-001
  6.3954087e-001 -4.1716027e-001
  6.3035332e-001 -4.2251147e-001
  6.3750700e-001 -4.4308283e-001
  6.4805464e-001 -3.7523556e-001
  6.4412442e-001 -4.5094032e-001
  6.4925832e-001 -4.6870607e-001
  6.3533854e-001 -4.1029168e-001
  6.3451751e-001 -4.5785485e-001
  6.3323033e-001 -4.5192708e-001
  6.4862406e-001 -4.5763373e-001
  6.3376640e-001 -3.9473536e-001
  6.3398834e-001 -3.9712017e-001
  6.4490031e-001 -4.5765507e-001
  6.2938439e-001 -4.4417557e-001
  6.4780609e-001 -4.3465384e-001
  6.4888242e-001 -4.2465879e-001
  6.3928695e-001 -4.1221430e-001
  6.3317080e-001 -3.8196369e-001
  6.4254503e-001 -3.9249366e-001
  6.5030176e-001 -4.4282001e-001
  6.4078679e-001 -4.5697472e-001
  6.4124006e-001 -4.1086428e-001
  6.3795661e-001 -3.8034813e-001
  6.5070323e-001 -4.5027282e-001
  6.4049752e-001 -3.8940692e-001
  6.3041703e-001 -3.8859498e-001
  6.4752035e-001 -4.0741667e-001
  6.4581726e-001 -4.7114831e-001
  6.4332641e-001 -4.6781570e-001
  6.5117560e-001 -4.2344889e-001
  6.3329266e-001 -4.6955064e-001
  6.2882725e-001 -4.6707413e-001
  6.3175582e-001 -3.7899844e-001
  6.4659626e-001 -4.4061069e-001
  6.3574953e-001 -4.6332739e-001
  6.3837871e-001 -3.8644959e-001
  6.5138213e-001 -3.7558996e-001
  6.4036917e-001 -4.2548232e-001
  6.3138596e-001 -4.5152527e-001
  1.7790411e-001 -3.7680333e-001
  1.8678570e-001 -4.4359501e-001
  1.7818125e-001 -4.0749296e-001
  1.9098796e-001 -3.0222876e-001
  1.7282773e-001 -3.2817856e-001
  1.8797129e-001 -2.4199258e-001
  1.8012250e-001 -1.8260516e-001
  1.9584505e-001 -1.7513839e-001
  1.9247737e-001 -4.8637806e-002
  1.7618023e-001 -4.3659053e-002
  1.9421479e-001 -4.9790840e-002
  1.8522380e-001 -1.8599674e-002
  1.7536562e-001  6.6192211e-002
  1.9401022e-001  7.7666218e-002
  1.8403406e-001  9.3973271e-002
  1.8414161e-001  1.1911395e-001
  1.7611283e-001  2.0533574e-001
  1.8112676e-001  1.8866327e-001
  1.8959972e-001  2.0396901e-001
  1.7901343e-001  2.2577068e-001
  1.8575968e-001  1.8447716e-001
  1.8462417e-001  2.7638601e-001
  1.8230074e-001  2.7245360e-001
  1.7669864e-001  2.3489463e-001
  1.7752072e-001  2.4447307e-001
  1.9006452e-001  2.7956360e-001
  1.8784583e-001  2.9267542e-001
  1.8014451e-001  2.4515281e-001
  1.8389804e-001  2.5214685e-001
  1.8837154e-001  2.8289369e-001
  1.7786921e-001  3.4302958e-001
  1.9136789e-001  2.9787040e-001
  1.7568716e-001  2.7200564e-001
  1.8020512e-001  2.9246308e-001
  1.8117241e-001  3.0475677e-001
  1.7417702e-001  3.3351154e-001
  1.8987267e-001  3.6167763e-001
  1.8907881e-001  2.8958164e-001
  1.7589659e-001  2.8867855e-001
  1.7922819e-001  3.2232073e-001
  1.7550374e-001  3.3946877e-001
  1.8388182e-001  3.2758925e-001
  1.7529409e-001  3.2032759e-001
  1.7594981e-001  2.9377668e-001
  1.9021755e-001  2.9060822e-001
  1.8693759e-001  2.9152219e-001
  1.7708456e-001  3.4286779e-001
  1.9572256e-001  3.3760044e-001
  1.7967493e-001  3.3996362e-001
  1.9146707e-001  3.7411160e-001
  1.7481835e-001  3.5314024e-001
  1.7995004e-001  3.4554671e-001
  1.9277967e-001  3.4185925e-001
  1.7720550e-001  3.1309719e-001
  1.7533946e-001  3.6810983e-001
  1.8819211e-001  3.3534915e-001
  1.9228013e-001  3.1266640e-001
  1.7951483e-001  3.7354973e-001
  1.9611122e-001  3.3321009e-001
  1.8488428e-001  3.8484208e-001
  1.8793344e-001  3.2293905e-001
  1.9046934e-001  3.4126777e-001
  1.8437478e-001  3.4416399e-001
  1.8771074e-001  3.0049945e-001
  1.9169915e-001  3.8052616e-001
  1.8844153e-001  3.2211127e-001
  1.8600112e-001  3.0688111e-001
  1.7931343e-001  3.5336864e-001
  1.9488007e-001  3.1175182e-001
 -5.0757691e-001  3.2122159e-001
 -4.9328788e-001  3.1395356e-001
 -5.0070489e-001  2.7103287e-001
 -5.0593302e-001  2.3108539e-001
 -5.1002830e-001  1.1882414e-001
 -5.0778451e-001  7.4610659e-002
 -4.9566929e-001  4.1569960e-002
 -5.1189992e-001 -6.8517570e-002
 -4.9913274e-001 -1.3906983e-001
 -4.9359414e-001 -2.0805381e-001
 -5.0005925e-001 -2.1089314e-001
 -5.0146439e-001 -3.3064831e-001
 -5.1200472e-001 -3.6686418e-001
 -5.1236776e-001 -3.5251633e-001
 -5.0893213e-001 -3.6275190e-001
 -5.0260289e-001 -4.0219914e-001
 -5.0687505e-001 -4.8640070e-001
 -4.9358230e-001 -5.1427602e-001
 -4.9831382e-001 -5.1219583e-001
 -5.0711286e-001 -5.5151851e-001
 -4.9796927e-001 -5.8515199e-001
 -5.0840341e-001 -5.8064773e-001
 -4.8944480e-001 -6.0784594e-001
 -5.0038856e-001 -6.3498373e-001
 -5.1100033e-001 -6.1992603e-001
 -4.8919058e-001 -5.9316831e-001
 -5.0741284e-001 -6.0913622e-001
 -5.0655483e-001 -6.3603278e-001
 -5.0180123e-001 -6.9159034e-001
 -5.1061430e-001 -6.0994892e-001
 -5.1286533e-001 -6.8221902e-001
 -5.0332455e-001 -6.6328202e-001
 -5.0702507e-001 -6.3319810e-001
 -4.9681733e-001 -6.5163740e-001
 -4.9409140e-001 -6.6751006e-001
 -5.0000322e-001 -7.1664515e-001
 -4.9689409e-001 -6.8470992e-001
 -4.9628712e-001 -6.7125844e-001
 -5.1027633e-001 -6.8272084e-001
 -5.0496742e-001 -7.3710153e-001
 -5.0603122e-001 -7.0578933e-001
 -4.9266701e-001 -6.6489438e-001
 -5.0136235e-001 -7.1463009e-001
 -5.0288801e-001 -7.4989357e-001
 -5.0639202e-001 -7.2059563e-001
 -5.0163891e-001 -6.5497777e-001
 -5.0976769e-001 -6.9784542e-001
 -5.0666121e-001 -6.5657433e-001
 -4.8968003e-001 -6.8964698e-001
 -5.0678474e-001 -6.9534174e-001
 -5.1263175e-001 -6.6553095e-001
 -4.9029494e-001 -7.2626464e-001
 -4.9415681e-001 -6.7118059e-001
 -4.9489905e-001 -6.8180581e-001
 -4.9154925e-001 -7.4432036e-001
 -4.9293918e-001 -6.7503967e-001
 -4.9079978e-001 -6.6079031e-001
 -5.0604242e-001 -6.9646070e-001
 -4.9656227e-001 -7.0977041e-001
 -4.9502284e-001 -7.2667533e-001
 -5.0985183e-001 -7.0280031e-001
 -4.9046867e-001 -7.1499880e-001
 -4.9935571e-001 -7.5984454e-001
 -4.9697080e-001 -6.8971194e-001
 -4.9863637e-001 -7.3197807e-001
 -4.9323913e-001 -6.6964783e-001
 -5.0425868e-001 -7.5334175e-001
 -4.9742255e-001 -6.8215678e-001
 -5.0196648e-001 -6.7723447e-001
 -3.2546433e-001 -7.4275564e-001
 -3.3682452e-001 -7.2140684e-001
 -3.4202376e-001 -6.8060701e-001
 -3.4804772e-001 -6.7865430e-001
 -3.3960392e-001 -7.0406026e-001
 -3.3727904e-001 -7.5187487e-001
 -3.3749138e-001 -7.5542320e-001
 -3.2786817e-001 -7.5203479e-001
 -3.3851684e-001 -7.0427644e-001
 -3.4181708e-001 -6.6787143e-001
 -3.3306659e-001 -7.3917762e-001
 -3.2584253e-001 -7.2485188e-001
 -3.2663019e-001 -7.3816037e-001
 -3.3535474e-001 -6.5917754e-001
 -3.4112103e-001 -7.0554736e-001
 -3.3354362e-001 -6.9067703e-001
 -3.2667411e-001 -7.2661900e-001
 -3.2922167e-001 -6.9160093e-001
 -3.4264099e-001 -7.0477056e-001
 -3.4083203e-001 -6.8870066e-001
 -3.4443189e-001 -7.3164442e-001
 -3.3993338e-001 -6.7649267e-001
 -3.4520004e-001 -7.1984570e-001
 -3.2866852e-001 -6.9404525e-001
 -3.2514414e-001 -7.1584559e-001
 -3.3328357e-001 -7.3214692e-001
 -3.4731898e-001 -7.4286968e-001
 -3.4240708e-001 -6.6453385e-001
 -3.2633398e-001 -6.9693755e-001
 -3.3315850e-001 -7.0824381e-001
 -3.2512365e-001 -7.3006526e-001
 -3.2944466e-001 -7.4750097e-001
 -3.3468054e-001 -6.8060026e-001
 -3.3650708e-001 -7.3134036e-001
 -3.2859192e-001 -6.7864776e-001
 -3.3966525e-001 -7.2029739e-001
 -3.3233467e-001 -6.9539314e-001
 -3.3759832e-001 -7.1950391e-001
 -3.3029233e-001 -7.0776542e-001
 -3.3037925e-001 -7.3362488e-001
 -3.3256152e-001 -6.6997616e-001
 -3.4714686e-001 -7.1885971e-001
 -3.3762756e-001 -6.5144016e-001
 -3.2614538e-001 -7.3852992e-001
 -3.3300041e-001 -6.5274159e-001
 -3.4772700e-001 -6.9916702e-001
 -3.4403756e-001 -6.8259760e-001
 -3.4260133e-001 -6.6485950e-001
 -3.2902176e-001 -6.5507520e-001
 -3.3802404e-001 -7.0180792e-001
 -3.4235724e-001 -6.5643260e-001
 -3.3188203e-001 -7.4080750e-001
 -3.3923633e-001 -6.9057438e-001
 -3.4829131e-001 -7.0815908e-001
 -3.4424458e-001 -7.4079552e-001
 -3.2902519e-001 -7.1830067e-001
 -3.3125944e-001 -6.6302614e-001
 -3.4328778e-001 -6.7537951e-001
 -3.3100649e-001 -7.0850963e-001
 -3.3142998e-001 -6.6142891e-001
 -3.2531087e-001 -6.6070536e-001
 -3.3365106e-001 -6.9880671e-001
 -3.3574940e-001 -7.0732898e-001
 -3.4664292e-001 -7.3233183e-001
 -3.3457348e-001 -7.1561804e-001
 -3.4419400e-001 -6.6277601e-001
 -3.3946321e-001 -6.9368672e-001
 -3.3108770e-001 -7.2410306e-001
 -3.4419960e-001 -7.3199880e-001
 -6.9808314e-001 -6.7482187e-001
 -7.0250676e-001 -6.8635077e-001
 -7.0116714e-001 -6.7241291e-001
 -6.8917398e-001 -6.5449865e-001
 -6.8131898e-001 -5.6286247e-001
 -6.9664857e-001 -5.6544945e-001
 -6.9692221e-001 -5.1215704e-001
 -6.8165210e-001 -4.3182315e-001
 -6.8947994e-001 -4.4214511e-001
 -6.9606763e-001 -4.1518566e-001
 -6.8766372e-001 -3.7001400e-001
 -6.9055357e-001 -3.5410271e-001
 -6.8792985e-001 -3.1188685e-001
 -6.9312508e-001 -2.5048481e-001
 -6.9947518e-001 -2.3979139e-001
 -6.8627037e-001 -2.8337238e-001
 -6.9937104e-001 -2.6334757e-001
 -6.9180126e-001 -2.5156273e-001
 -6.9620653e-001 -1.7786149e-001
 -6.8345509e-001 -1.8620842e-001
 -6.9586057e-001 -2.3641207e-001
 -6.8147615e-001 -1.7917464e-001
 -6.9021340e-001 -1.7756398e-001
 -6.9083308e-001 -1.2151448e-001
 -6.8425366e-001 -1.3077876e-001
 -6.9352696e-001 -1.0054091e-001
 -6.8944028e-001 -1.1852238e-001
 -6.8353387e-001 -1.5861579e-001
 -7.0018754e-001 -1.6913208e-001
 -6.8874072e-001 -1.1100800e-001
 -6.8120009e-001 -1.3711339e-001
 -6.9751074e-001 -1.5451270e-001
 -6.8089686e-001 -1.2540308e-001
 -6.8211070e-001 -1.1895583e-001
 -6.8884074e-001 -8.9499130e-002
 -6.9473102e-001 -1.1945270e-001
 -6.8568148e-001 -6.9077388e-002
 -7.0050797e-001 -8.2024208e-002
 -6.9047865e-001 -1.4575736e-001
 -6.8793539e-001 -7.3383120e-002
 -6.8254162e-001 -1.0407860e-001
 -6.8873812e-001 -7.8555329e-002
 -6.9659926e-001 -1.0849308e-001
 -6.9784539e-001 -9.9427903e-002
 -6.8187093e-001 -1.4014373e-001
 -6.9149194e-001 -1.1208035e-001
 -6.9150242e-001 -7.4648467e-002
 -6.9694594e-001 -1.4464963e-001
 -7.0194109e-001 -1.5382593e-001
 -6.8343995e-001 -7.9611066e-002
 -7.0065562e-001 -1.3956835e-001
 -6.8914978e-001 -1.2730361e-001
 -6.8389097e-001 -6.8628833e-002
 -7.0034237e-001 -7.8883351e-002
 -6.9793452e-001 -1.4736428e-001
 -7.0144747e-001 -9.0359281e-002
 -6.9702921e-001 -1.4066927e-001
 -6.8038988e-001 -1.2573953e-001
 -6.9018091e-001 -8.4766764e-002
 -6.9827100e-001 -9.5584667e-002
 -6.9589123e-001 -1.1658419e-001
 -6.9475307e-001 -1.3684369e-001
 -7.0185867e-001 -1.5218357e-001
 -6.8267587e-001 -7.2172285e-002
 -6.8098583e-001 -1.0209784e-001
 -6.9141446e-001 -8.2163724e-002
 -6.9579909e-001 -7.2801979e-002
 -6.9830073e-001 -7.4501620e-002
 -6.8703122e-001 -8.5439681e-002
 -5.1041399e-001 -6.5363500e-002
 -4.9940130e-001 -8.5377415e-002
 -5.0682745e-001 -1.5890663e-001
 -5.2233148e-001 -1.7935352e-001
 -5.1285724e-001 -1.6042747e-001
 -5.0415481e-001 -2.0023991e-001
 -5.1772658e-001 -3.1734783e-001
 -5.1319895e-001 -3.1026037e-001
 -5.1460386e-001 -3.7531809e-001
 -5.0499451e-001 -3.6104461e-001
 -5.1671151e-001 -4.7002127e-001
 -5.0172970e-001 -4.6720383e-001
 -5.1117916e-001 -4.5603624e-001
 -5.1380668e-001 -5.5344942e-001
 -5.1996471e-001 -5.5213047e-001
 -5.1799526e-001 -5.0998588e-001
 -5.0585070e-001 -5.7084431e-001
 -5.1362979e-001 -5.7784159e-001
 -5.1654924e-001 -5.7905666e-001
 -5.2262958e-001 -5.8160860e-001
 -5.2139196e-001 -5.9873087e-001
 -5.0460566e-001 -5.7950384e-001
 -5.0946560e-001 -6.5798627e-001
 -5.1854737e-001 -6.7656339e-001
 -5.2271959e-001 -6.0560322e-001
 -5.0778206e-001 -6.4411522e-001
 -5.1969676e-001 -6.8018735e-001
 -5.1916050e-001 -6.6318529e-001
 -5.1267885e-001 -7.0425904e-001
 -5.0322403e-001 -7.0555630e-001
 -5.1245467e-001 -6.3880693e-001
 -5.0004838e-001 -6.3917137e-001
 -5.1404888e-001 -6.4902712e-001
 -5.0215534e-001 -7.1276564e-001
 -5.0664704e-001 -6.8712454e-001
 -5.1738388e-001 -7.1565099e-001
 -5.1542724e-001 -7.2474042e-001
 -5.0624730e-001 -6.9535882e-001
 -5.1000091e-001 -6.6684799e-001
 -5.1454881e-001 -6.9140689e-001
 -5.1529453e-001 -7.4009827e-001
 -5.0851034e-001 -6.8247388e-001
 -5.1697941e-001 -7.3712943e-001
 -5.1962928e-001 -7.0462559e-001
 -5.1723753e-001 -6.4678784e-001
 -5.1386069e-001 -7.1783098e-001
 -5.0512470e-001 -6.5648755e-001
 -5.1291015e-001 -7.0002413e-001
 -5.0385007e-001 -7.4065199e-001
 -5.2047538e-001 -6.6214131e-001
 -5.1114317e-001 -7.0518497e-001
 -5.1827385e-001 -6.7240911e-001
 -5.0314512e-001 -6.7727735e-001
 -5.0068151e-001 -6.8973386e-001
 -5.1971117e-001 -6.7715028e-001
 -5.0007932e-001 -7.4625029e-001
 -5.0378593e-001 -7.0987556e-001
 -8.0822684e-001 -7.2184392e-001
