  1.2880793e-003  3.9465397e-002
 -7.1454123e-003 -1.5681992e-002
  1.0494535e-003  1.4202127e-002
 -8.3511841e-003 -1.9029078e-002
  1.1637682e-002  2.6167476e-002
 -3.3330079e-003  4.7602139e-002
 -7.1303542e-003  2.7053926e-002
 -6.7163639e-003 -2.4824003e-002
 -1.1276039e-002  4.9130939e-003
 -1.1904944e-002  4.2788203e-002
 -1.1716694e-001 -3.2910773e-003
 -1.3198969e-001  2.0650103e-002
 -1.3690290e-001  2.7970891e-002
 -1.2873344e-001 -1.8905624e-002
 -1.1684992e-001 -7.4263422e-002
 -1.3006951e-001 -6.2305852e-002
 -1.3949095e-001 -7.3579769e-002
 -1.3819770e-001 -1.0848471e-001
 -1.2092209e-001 -1.2019164e-001
 -1.2030445e-001 -1.2039420e-001
 -1.1956097e-001 -2.1542834e-001
 -1.2160226e-001 -1.6145832e-001
 -1.2520342e-001 -1.6203659e-001
 -1.2228909e-001 -2.1328996e-001
 -1.3070438e-001 -2.5027436e-001
 -1.2584924e-001 -1.9279162e-001
 -1.3526038e-001 -1.9658632e-001
 -1.2254576e-001 -2.8411159e-001
 -1.3567917e-001 -2.1653123e-001
 -1.2841450e-001 -2.8470160e-001
 -1.2109512e-001 -2.3595128e-001
 -1.4012924e-001 -2.3115116e-001
 -1.2151749e-001 -2.9703471e-001
 -1.1743636e-001 -2.6499867e-001
 -1.2175258e-001 -2.2963851e-001
 -1.1973887e-001 -3.0831810e-001
 -1.3325898e-001 -2.7484488e-001
 -1.2901050e-001 -3.2275636e-001
 -1.3664998e-001 -2.9681964e-001
 -1.3979722e-001 -3.0032747e-001
 -1.4022984e-001 -3.1238974e-001
 -1.2898804e-001 -2.9382444e-001
 -1.3202577e-001 -2.9847563e-001
 -1.3364263e-001 -3.2524561e-001
 -1.2217492e-001 -2.7277220e-001
 -1.1882888e-001 -3.3879239e-001
 -1.2802958e-001 -3.3759680e-001
 -1.2481420e-001 -2.5865012e-001
 -1.2052405e-001 -2.8877929e-001
 -1.3033244e-001 -2.6442146e-001
 -1.2787803e-001 -3.5039070e-001
 -1.3986563e-001 -3.3110094e-001
 -1.1759501e-001 -3.4349932e-001
 -1.2790282e-001 -3.2126644e-001
 -1.2507793e-001 -2.8754281e-001
 -1.1962761e-001 -3.1178418e-001
 -1.2824853e-001 -2.6562427e-001
 -1.2567121e-001 -3.4526265e-001
 -1.2752311e-001 -2.6474632e-001
 -1.3226080e-001 -2.7699331e-001
 -1.3872050e-001 -2.8854028e-001
 -1.3505506e-001 -2.9218088e-001
 -1.2414328e-001 -3.2273363e-001
 -1.2721060e-001 -3.1355351e-001
 -1.3446748e-001 -3.0890985e-001
 -1.2448071e-001 -3.1795061e-001
 -1.2634421e-001 -2.7524185e-001
 -1.3879951e-001 -2.6319620e-001
 -1.3100619e-001 -2.9114124e-001
 -1.2878240e-001 -3.5292413e-001
 -1.3263325e-001 -3.4015327e-001
 -1.3639457e-001 -3.2448184e-001
 -1.3048359e-001 -3.5184332e-001
 -1.3920896e-001 -3.2991921e-001
 -1.3154504e-001 -2.8151361e-001
 -1.2569035e-001 -3.3696776e-001
 -1.3321410e-001 -3.2428293e-001
 -1.2708846e-001 -3.4764961e-001
 -1.1738297e-001 -2.9226436e-001
  3.5814046e-002 -3.1448667e-001
  4.5996671e-002 -3.2012030e-001
  4.6140952e-002 -3.0341450e-001
  3.8030637e-002 -2.7206375e-001
  3.1834462e-002 -2.8536231e-001
  3.3408071e-002 -2.5572237e-001
  4.9960849e-002 -1.4277355e-001
  4.0505432e-002 -1.4878263e-001
  4.7502438e-002 -1.2675317e-001
  5.1703286e-002 -1.1741556e-001
  4.3075996e-002 -7.2594619e-002
  3.1600959e-002 -9.8432997e-002
  3.4175592e-002 -4.7911829e-002
  3.9930753e-002 -8.2430262e-002
  5.5001977e-002 -4.8933333e-002
  4.9051967e-002 -4.8237708e-003
  3.5158478e-002  3.8020559e-002
  4.1923819e-002  1.7129959e-002
  5.3485787e-002  5.5935299e-002
  4.2415198e-002  6.6767228e-002
  3.5764448e-002  3.1327849e-002
  4.8814066e-002  4.3698334e-002
  3.6196474e-002  8.8606395e-002
  3.7039928e-002  9.0590914e-002
  4.9479955e-002  1.6077340e-002
  4.0465835e-002  8.5606054e-002
  4.2073720e-002  1.0102808e-001
  3.3749051e-002  1.1118497e-001
  5.0692933e-002  5.1945810e-002
  4.0333492e-002  9.2941723e-002
  4.5244635e-002  1.1152250e-001
  4.1164062e-002  1.2366352e-001
  4.0413537e-002  1.2468993e-001
  4.8029812e-002  5.1661851e-002
  4.1250052e-002  1.3010390e-001
  4.3128643e-002  9.8386972e-002
  3.2300537e-002  4.9893294e-002
  4.9138584e-002  6.3259571e-002
  4.0458419e-002  1.0380461e-001
  4.0252244e-002  1.3669134e-001
  3.5981130e-002  1.1171743e-001
  4.6970878e-002  5.8435921e-002
  4.4398240e-002  1.1117492e-001
  4.4182626e-002  1.1472390e-001
  3.9072772e-002  8.4123620e-002
  3.3156027e-002  1.1588825e-001
  3.2975806e-002  1.4233712e-001
  4.6128371e-002  1.1429215e-001
  4.3272173e-002  5.0114435e-002
  5.2586895e-002  9.7181659e-002
  4.1060751e-002  9.1492832e-002
  4.7644389e-002  1.4338976e-001
  4.9305465e-002  7.1319023e-002
  4.7977144e-002  1.4235408e-001
  3.9891563e-002  8.6324814e-002
  4.4606050e-002  1.2433733e-001
  5.0818872e-002  6.4530020e-002
  4.4275262e-002  4.7026600e-002
  4.6246465e-002  4.4993110e-002
  3.7890265e-002  8.1453817e-002
  3.3879608e-002  6.1516532e-002
  3.9882456e-002  5.3511352e-002
  5.4097462e-002  1.4083227e-001
  5.4977316e-002  4.9185818e-002
  4.0402606e-002  1.0651272e-001
  4.6459117e-002  1.0400438e-001
  3.3436846e-002  6.2871715e-002
  3.7588528e-002  1.1219590e-001
  3.9609822e-002  5.7468026e-002
  6.7657295e-001  1.2992033e-001
  6.8186498e-001  7.8463612e-002
  6.9614879e-001  5.2911599e-002
  6.7775763e-001  1.4003713e-002
  6.7591439e-001 -4.9526214e-002
  6.8707802e-001 -1.1895732e-001
  6.9374013e-001 -1.6557619e-001
  6.7983990e-001 -1.8150894e-001
  6.9493361e-001 -2.0513719e-001
  6.8375917e-001 -2.4910861e-001
  6.8638243e-001 -2.9867803e-001
  6.9150434e-001 -4.0555509e-001
  6.8574908e-001 -3.8145291e-001
  6.8386277e-001 -4.2712814e-001
  6.8419943e-001 -4.3243686e-001
  6.7266928e-001 -4.7100120e-001
  6.8681720e-001 -5.0836852e-001
  6.8166423e-001 -5.2811063e-001
  6.8061931e-001 -5.4333756e-001
  6.8100487e-001 -5.8140140e-001
  6.8683721e-001 -5.2573090e-001
  6.7845558e-001 -5.7318454e-001
  6.9399630e-001 -5.8925057e-001
  6.8614461e-001 -6.3656178e-001
  6.9421777e-001 -6.5693587e-001
  6.9139548e-001 -6.6158893e-001
  6.9444249e-001 -6.1000121e-001
  6.8920293e-001 -5.8041262e-001
  6.7662103e-001 -6.5159086e-001
  6.8039406e-001 -6.2688316e-001
  6.8771916e-001 -6.6758884e-001
  6.7397463e-001 -6.7921638e-001
  6.7797228e-001 -6.4798574e-001
  6.7873577e-001 -6.6101375e-001
  6.9091120e-001 -6.6819103e-001
  6.9331832e-001 -6.8953941e-001
  6.8847647e-001 -6.6253212e-001
  6.8159920e-001 -6.4170876e-001
  6.7251249e-001 -7.0802075e-001
  6.7597168e-001 -6.3825072e-001
  6.7307872e-001 -6.8486925e-001
  6.8544243e-001 -6.7735520e-001
  6.8417307e-001 -6.7373478e-001
  6.8601891e-001 -7.0056032e-001
  6.7683614e-001 -6.2353692e-001
  6.8128767e-001 -7.0181856e-001
  6.9352346e-001 -7.1297594e-001
  6.7498057e-001 -6.9202076e-001
  6.9488239e-001 -6.4308250e-001
  6.8468622e-001 -7.2027055e-001
  6.7594250e-001 -6.6478259e-001
  6.9404126e-001 -6.7817360e-001
  6.7676565e-001 -7.2343549e-001
  6.8920784e-001 -7.1931031e-001
  6.8798867e-001 -6.2783010e-001
  6.9189193e-001 -6.9336073e-001
  6.8825810e-001 -6.9335989e-001
  6.8726390e-001 -7.0189483e-001
  6.7673413e-001 -6.7971405e-001
  6.8491154e-001 -6.9695294e-001
  6.8599726e-001 -6.5165671e-001
  6.7956348e-001 -7.2132665e-001
  6.7857096e-001 -7.1726921e-001
  6.8097757e-001 -6.2797775e-001
  6.8908106e-001 -6.7842230e-001
  6.8308643e-001 -6.3440680e-001
  6.8618870e-001 -6.3205976e-001
  6.9494596e-001 -6.8578724e-001
  6.8910285e-001 -6.2863296e-001
 -1.8409144e-001 -6.7137270e-001
 -1.7609035e-001 -7.1374997e-001
 -1.9842887e-001 -6.4750994e-001
 -1.8986183e-001 -6.5645830e-001
 -1.9316975e-001 -5.9717004e-001
 -1.9774655e-001 -6.2556968e-001
 -1.8698236e-001 -5.5784951e-001
 -1.8666541e-001 -5.7337051e-001
 -1.7500994e-001 -6.1452397e-001
 -1.7514262e-001 -5.7350105e-001
 -1.8832644e-001 -5.4768279e-001
 -1.8527202e-001 -5.5106962e-001
 -1.8324445e-001 -4.9067310e-001
 -1.7918781e-001 -5.4676526e-001
 -1.8142935e-001 -5.2193698e-001
 -1.7535488e-001 -5.2240698e-001
 -1.8033755e-001 -5.3796074e-001
 -1.8559452e-001 -4.8436307e-001
 -1.9358488e-001 -4.6749871e-001
 -1.8198191e-001 -5.0731479e-001
 -1.7659242e-001 -4.9432500e-001
 -1.8679861e-001 -5.0067990e-001
 -1.9157846e-001 -5.0545300e-001
 -1.9283396e-001 -4.9680820e-001
 -1.8831040e-001 -4.7933512e-001
 -1.8104658e-001 -4.3489217e-001
 -1.9372190e-001 -4.4497878e-001
 -1.9786918e-001 -4.8913512e-001
 -1.7815555e-001 -4.5656741e-001
 -1.7520755e-001 -4.3023845e-001
 -1.9609514e-001 -4.4907825e-001
 -1.9433298e-001 -4.5893522e-001
 -1.7503411e-001 -4.7959408e-001
 -1.9533253e-001 -4.9369791e-001
 -1.9624068e-001 -3.9950771e-001
 -1.8017599e-001 -4.3053062e-001
 -1.8857092e-001 -4.7318869e-001
 -1.7925523e-001 -4.0212685e-001
 -1.8573997e-001 -4.3111516e-001
 -1.8225171e-001 -4.6611541e-001
 -1.9288397e-001 -4.3540011e-001
 -1.9507447e-001 -4.8247205e-001
 -1.7956710e-001 -4.8940602e-001
 -1.9723668e-001 -3.9280852e-001
 -1.8763416e-001 -4.4083927e-001
 -1.8307286e-001 -4.5995753e-001
 -1.8803837e-001 -3.9911625e-001
 -1.7588229e-001 -4.0024717e-001
 -1.9646686e-001 -4.6174063e-001
 -1.7966921e-001 -4.5782877e-001
 -1.9291573e-001 -4.4019012e-001
 -1.8226558e-001 -4.1557965e-001
 -1.7591971e-001 -4.3984622e-001
 -1.9328446e-001 -4.1756581e-001
 -1.7880567e-001 -4.5732455e-001
 -1.8599719e-001 -4.5557957e-001
 -1.9692204e-001 -3.8912904e-001
 -1.9189003e-001 -4.3626961e-001
 -1.7504229e-001 -4.2325731e-001
 -1.8784266e-001 -4.8736316e-001
 -1.9801326e-001 -4.7503248e-001
 -1.8221093e-001 -4.4281883e-001
 -1.9543383e-001 -4.7485154e-001
 -1.8077193e-001 -4.6221714e-001
 -1.8184496e-001 -4.8020084e-001
 -1.8307209e-001 -4.5836466e-001
 -1.9625534e-001 -4.1805686e-001
 -1.9881026e-001 -4.0834597e-001
 -1.8747669e-001 -4.4002192e-001
  9.9665987e-001 -4.4338338e-001
  9.9192094e-001 -4.5271183e-001
  9.8859370e-001 -5.3588592e-001
  9.8207889e-001 -6.9032846e-001
  9.7906466e-001 -9.7866444e-001
  9.7841022e-001 -1.1817730e+000
  9.9302355e-001 -1.3904229e+000
  9.8824015e-001 -1.5730154e+000
  9.8318201e-001 -1.7865919e+000
  9.9243267e-001 -1.9290193e+000
  9.9545845e-001 -2.0951524e+000
  9.9624108e-001 -2.2680992e+000
  9.8559453e-001 -2.3563494e+000
  9.9492579e-001 -2.5234904e+000
  9.8650280e-001 -2.6337779e+000
  9.7865353e-001 -2.7572879e+000
  9.9749093e-001 -2.7824127e+000
  9.7663226e-001 -2.8793767e+000
  9.9758292e-001 -2.9712245e+000
  9.8726873e-001 -3.0163811e+000
  9.8056193e-001 -3.0061448e+000
  9.8400262e-001 -3.0540058e+000
  9.9819855e-001 -3.0978981e+000
  9.8792660e-001 -3.2191702e+000
  9.7890635e-001 -3.1815000e+000
  9.7615688e-001 -3.2221804e+000
  9.8583920e-001 -3.2672646e+000
  9.8425476e-001 -3.2595276e+000
  9.8396413e-001 -3.2900327e+000
  9.8041765e-001 -3.3331039e+000
  9.8763827e-001 -3.3702706e+000
  9.8533585e-001 -3.3925637e+000
  9.8418006e-001 -3.4322863e+000
  9.9048948e-001 -3.3784414e+000
  9.9648503e-001 -3.4139409e+000
  9.8852003e-001 -3.4257065e+000
  9.8658273e-001 -3.4715349e+000
  9.8825221e-001 -3.4182840e+000
  9.9062531e-001 -3.3971739e+000
  9.7635896e-001 -3.4414987e+000
  9.8779629e-001 -3.4416215e+000
  9.8002170e-001 -3.4264325e+000
  9.8532115e-001 -3.5050039e+000
  9.7810990e-001 -3.5058226e+000
  9.8958146e-001 -3.4932815e+000
  9.9607761e-001 -3.4331362e+000
  9.8156036e-001 -3.4994506e+000
  9.8290465e-001 -3.4873127e+000
  9.9750135e-001 -3.5035804e+000
  9.7713186e-001 -3.4475915e+000
  9.9034290e-001 -3.4313510e+000
  9.7771820e-001 -3.4809165e+000
  9.8161227e-001 -3.4510765e+000
  9.8631518e-001 -3.5277175e+000
  9.9044412e-001 -3.4409120e+000
  9.7683660e-001 -3.4395687e+000
  9.9013972e-001 -3.4804332e+000
  9.8027515e-001 -3.4741728e+000
  9.8885977e-001 -3.4647697e+000
  9.9291692e-001 -3.5231756e+000
  9.9016642e-001 -3.5336900e+000
  9.8465099e-001 -3.4539972e+000
  9.8956661e-001 -3.5151831e+000
  9.8232663e-001 -3.5119459e+000
  9.9449778e-001 -3.4524760e+000
  9.8506289e-001 -3.5329121e+000
  9.7901861e-001 -3.5217716e+000
  9.8748073e-001 -3.4709109e+000
  9.8858096e-001 -3.4779302e+000
  8.7173885e-001 -3.4496528e+000
  8.6294540e-001 -3.4821216e+000
  8.7234488e-001 -3.4314538e+000
  8.7249123e-001 -3.3438091e+000
  8.5998195e-001 -3.3144487e+000
  8.7922220e-001 -3.1353736e+000
  8.6429685e-001 -3.1043588e+000
  8.7117006e-001 -3.0365806e+000
  8.7786792e-001 -2.9404419e+000
  8.7751897e-001 -2.8690514e+000
  8.7645508e-001 -2.8041785e+000
  8.6517834e-001 -2.6855288e+000
  8.6646998e-001 -2.6734918e+000
  8.6945435e-001 -2.6327737e+000
  8.7052336e-001 -2.5235439e+000
  8.6757871e-001 -2.4807195e+000
  8.5995482e-001 -2.4709910e+000
  8.6506993e-001 -2.3971520e+000
  8.8005950e-001 -2.4543896e+000
  8.7375903e-001 -2.3844032e+000
  8.6631637e-001 -2.3717740e+000
  8.7567886e-001 -2.3777011e+000
  8.6476662e-001 -2.3277538e+000
  8.7715721e-001 -2.3479166e+000
  8.6582936e-001 -2.3202224e+000
  8.5953518e-001 -2.2367620e+000
  8.6964811e-001 -2.2813596e+000
  8.6683902e-001 -2.2914500e+000
  8.7457534e-001 -2.2805240e+000
  8.6456443e-001 -2.2333500e+000
  8.7430443e-001 -2.2443885e+000
  8.8230640e-001 -2.2006062e+000
  8.8037004e-001 -2.1891468e+000
  8.6380036e-001 -2.2547090e+000
  8.7871592e-001 -2.1988135e+000
  8.6256141e-001 -2.1785398e+000
  8.7466409e-001 -2.2452550e+000
  8.6591478e-001 -2.1784117e+000
  8.6267502e-001 -2.2013979e+000
  8.6263712e-001 -2.2118016e+000
  8.7591758e-001 -2.2029160e+000
  8.8237105e-001 -2.2160586e+000
  8.7846388e-001 -2.1855000e+000
  8.6483167e-001 -2.2298621e+000
  8.7314249e-001 -2.2019749e+000
  8.6288969e-001 -2.1723890e+000
  8.7561536e-001 -2.2195663e+000
  8.7508819e-001 -2.2001092e+000
  8.7058558e-001 -2.2040435e+000
  8.6454363e-001 -2.1523279e+000
  8.8015292e-001 -2.2306001e+000
  8.8102265e-001 -2.2133286e+000
  8.8227248e-001 -2.1842470e+000
  8.7888065e-001 -2.1959212e+000
  8.7999531e-001 -2.2060025e+000
  8.6299306e-001 -2.1499855e+000
  8.7654094e-001 -2.2091794e+000
  8.6136974e-001 -2.1531456e+000
  8.7336166e-001 -2.2049151e+000
  8.7252929e-001 -2.2117405e+000
  8.8036041e-001 -2.1704508e+000
  8.7313064e-001 -2.2116072e+000
  8.6460613e-001 -2.1924569e+000
  8.7371891e-001 -2.1477201e+000
  8.8055374e-001 -2.2240435e+000
  8.6876911e-001 -2.2171251e+000
  8.5907258e-001 -2.1705259e+000
  8.6003006e-001 -2.1659534e+000
  8.7933527e-001 -2.1936172e+000
  1.2670993e-001 -2.1429252e+000
  1.2104698e-001 -2.1751031e+000
  1.1226953e-001 -2.1147908e+000
  1.1009578e-001 -1.9540349e+000
  1.2218497e-001 -1.8208342e+000
  1.2321955e-001 -1.6149133e+000
  1.0869170e-001 -1.4469178e+000
  1.2045460e-001 -1.3325205e+000
  1.1162290e-001 -1.1454065e+000
  1.1807051e-001 -9.9871442e-001
  1.2891413e-001 -9.0508911e-001
  1.1469073e-001 -7.8343864e-001
  1.1882253e-001 -6.7006876e-001
  1.2917399e-001 -5.4607180e-001
  1.2138107e-001 -4.7281896e-001
  1.1247827e-001 -3.8619368e-001
  1.2109500e-001 -3.4601102e-001
  1.2470061e-001 -2.6106311e-001
  1.1651933e-001 -1.9674877e-001
  1.0684107e-001 -1.5112412e-001
  1.1951338e-001 -1.4097027e-001
  1.1290049e-001 -7.8128645e-002
  1.1735071e-001 -6.7748224e-002
  1.2154815e-001 -8.1953398e-004
  1.0726948e-001  6.8998850e-003
  1.0889752e-001  2.3312377e-002
  1.2770349e-001  9.5612166e-002
  1.1036177e-001  1.1046970e-001
  1.1948931e-001  6.6668413e-002
  1.2100784e-001  7.4792535e-002
  1.2084014e-001  1.7982443e-001
  1.2022485e-001  1.5561161e-001
  1.1468045e-001  1.5365494e-001
  1.1420186e-001  1.1952390e-001
  1.0742184e-001  1.5674364e-001
  1.2080002e-001  1.6761473e-001
  1.1722965e-001  1.5776796e-001
  1.1483432e-001  2.0045767e-001
  1.2068409e-001  2.2532876e-001
  1.2029940e-001  1.9527863e-001
  1.1742442e-001  1.6715802e-001
  1.2212762e-001  1.7368408e-001
  1.0802579e-001  2.3969351e-001
  1.1810382e-001  2.3226773e-001
  1.2137869e-001  1.8206995e-001
  1.1632251e-001  1.8889323e-001
  1.0956098e-001  2.1491795e-001
  1.1133309e-001  2.6378500e-001
  1.2189988e-001  2.5383582e-001
  1.0776268e-001  1.8049387e-001
  1.1668504e-001  2.3615367e-001
  1.0740614e-001  2.0055586e-001
  1.3001428e-001  2.8147116e-001
  1.2972171e-001  1.8911922e-001
  1.1915262e-001  2.3007533e-001
  1.1560057e-001  2.0275215e-001
  1.0843663e-001  2.0084978e-001
  1.2765418e-001  2.3270883e-001
  1.1657267e-001  2.8449855e-001
  1.1685231e-001  2.3125692e-001
  1.1245742e-001  2.5656535e-001
  1.2778546e-001  2.2758547e-001
  1.1225808e-001  2.4129914e-001
  1.1644802e-001  2.3344516e-001
  1.2250286e-001  2.1160150e-001
  1.2211327e-001  2.1952340e-001
  1.2093727e-001  2.7279962e-001
  1.2087656e-001  2.4780648e-001
  1.2758851e-001  2.7408171e-001
  1.9274550e-001  2.0700382e-001
  2.0350309e-001  2.4267895e-001
  1.9445498e-001  2.1770845e-001
  2.1046900e-001  2.5308585e-001
  2.0296231e-001  2.8467178e-001
  1.9404994e-001  2.5897936e-001
  1.9215055e-001  2.9240472e-001
  1.9670573e-001  2.8595140e-001
  1.9624165e-001  3.1391922e-001
  2.1088480e-001  2.7004407e-001
  1.9962121e-001  3.1813926e-001
  2.1041743e-001  3.5729344e-001
  2.0205993e-001  2.6613978e-001
  1.9924941e-001  3.1312475e-001
  2.0010749e-001  3.6010201e-001
  2.0694143e-001  3.6886508e-001
  1.9081836e-001  3.5532321e-001
  2.0051046e-001  3.2259225e-001
  2.0138905e-001  2.8971834e-001
  1.9104194e-001  3.3827233e-001
  2.0895074e-001  3.5919234e-001
  1.9864363e-001  3.2126484e-001
  1.9401209e-001  2.9758344e-001
  1.9244823e-001  3.8738415e-001
  2.0291272e-001  2.9796273e-001
  2.0259823e-001  3.1333421e-001
  1.9032730e-001  3.9663374e-001
  1.9572422e-001  3.6081865e-001
  1.9382143e-001  3.1312506e-001
  2.0119876e-001  3.1606171e-001
  2.1364791e-001  3.3910585e-001
  1.9545547e-001  3.0943791e-001
  1.9325453e-001  3.2218316e-001
  1.9387854e-001  3.4476205e-001
  2.0491545e-001  3.6573283e-001
  2.0125073e-001  3.4146950e-001
  2.1147244e-001  3.5623933e-001
  1.9768230e-001  3.4346522e-001
  1.9716625e-001  3.9786371e-001
  2.0304911e-001  3.0865752e-001
  1.9372442e-001  3.9805352e-001
  1.9086107e-001  3.4690608e-001
  1.9034220e-001  3.2019978e-001
  1.9120130e-001  3.7402225e-001
  2.1209252e-001  3.5347749e-001
  2.0140617e-001  3.6861428e-001
  2.0163968e-001  3.7003314e-001
  2.0053457e-001  3.2667807e-001
  1.9104909e-001  3.9954597e-001
  1.9603582e-001  3.9338398e-001
  2.0978684e-001  3.0810088e-001
  1.9107073e-001  3.6261951e-001
  1.9988383e-001  3.8888239e-001
  1.9853683e-001  3.7069887e-001
  1.9068082e-001  3.7086123e-001
  1.9188923e-001  3.2733991e-001
  1.9871078e-001  3.8214292e-001
  2.1041809e-001  3.4026234e-001
  2.0387612e-001  3.5193512e-001
  1.9104319e-001  3.2240038e-001
  2.1373848e-001  3.5730827e-001
  2.0626230e-001  3.5055355e-001
  1.9170493e-001  3.3377183e-001
  1.9717474e-001  3.9791063e-001
  1.9599979e-001  3.6796821e-001
  1.9980791e-001  4.0520089e-001
  1.9232835e-001  3.2846247e-001
  2.0188947e-001  3.4591083e-001
  2.0738046e-001  3.3698645e-001
 -3.3163584e-001  3.2097760e-001
 -3.2556197e-001  3.7877484e-001
 -3.3847085e-001  3.1620588e-001
 -3.2187415e-001  2.3650787e-001
 -3.2009126e-001  2.1981849e-001
 -3.2670315e-001  8.6233690e-002
 -3.2844042e-001  1.9905979e-002
 -3.2698920e-001 -5.2011212e-003
 -3.2096649e-001 -6.4058520e-002
 -3.3368764e-001 -1.8492408e-001
 -3.2551430e-001 -2.1432267e-001
 -3.3634129e-001 -2.4671325e-001
 -3.2244244e-001 -3.4261821e-001
 -3.3126699e-001 -3.1348731e-001
 -3.2300707e-001 -3.6504037e-001
 -3.3832881e-001 -3.9126708e-001
 -3.3892469e-001 -4.2615274e-001
 -3.2314467e-001 -5.0440276e-001
 -3.2919774e-001 -5.1349791e-001
 -3.3000429e-001 -5.0431187e-001
 -3.2480586e-001 -5.2730471e-001
 -3.2747239e-001 -5.4739432e-001
 -3.3397017e-001 -6.2193333e-001
 -3.2837800e-001 -5.8557165e-001
 -3.1865559e-001 -5.5864781e-001
 -3.3980537e-001 -5.6283621e-001
 -3.1871878e-001 -5.8345325e-001
 -3.3189685e-001 -5.9612643e-001
 -3.1996882e-001 -6.4201466e-001
 -3.2166973e-001 -5.9361875e-001
 -3.3907458e-001 -6.7539541e-001
 -3.3894225e-001 -6.5067191e-001
 -3.2467549e-001 -6.6840066e-001
 -3.1922855e-001 -6.4907864e-001
 -3.2208492e-001 -6.3402723e-001
 -3.2802777e-001 -6.3358333e-001
 -3.3571079e-001 -6.6359164e-001
 -3.1844508e-001 -6.6194040e-001
 -3.2616404e-001 -6.7879919e-001
 -3.2462305e-001 -6.3541214e-001
 -3.2531961e-001 -6.7241401e-001
 -3.2870097e-001 -6.6425546e-001
 -3.2207209e-001 -7.2089684e-001
 -3.2753967e-001 -7.0919042e-001
 -3.3276542e-001 -6.7169476e-001
 -3.4097785e-001 -7.2594237e-001
 -3.3433978e-001 -6.8088977e-001
 -3.2712944e-001 -6.8738499e-001
 -3.3460940e-001 -6.9698031e-001
 -3.2195889e-001 -6.9642948e-001
 -3.1940998e-001 -6.7073151e-001
 -3.3913884e-001 -6.7268169e-001
 -3.2003107e-001 -6.8533437e-001
 -3.2151968e-001 -6.4959373e-001
 -3.2115947e-001 -7.2939197e-001
 -3.2554111e-001 -6.8522590e-001
 -3.3374546e-001 -7.0016006e-001
 -3.4132594e-001 -7.3691012e-001
 -3.3094758e-001 -6.5802491e-001
 -3.2072002e-001 -6.5296213e-001
 -3.3234554e-001 -7.3144104e-001
 -3.1955744e-001 -7.0602994e-001
 -3.2909928e-001 -6.8872837e-001
 -3.2164066e-001 -6.4859673e-001
 -3.2102870e-001 -6.7650579e-001
 -3.2377380e-001 -7.2190710e-001
 -3.3597344e-001 -6.4521349e-001
 -3.2705495e-001 -6.6767136e-001
 -3.3862503e-001 -7.3210346e-001
  7.0444563e-001 -6.4622868e-001
  7.1569609e-001 -6.8057532e-001
  7.1635059e-001 -6.5775904e-001
  7.2091125e-001 -7.5143999e-001
  7.0153251e-001 -7.0276936e-001
  7.1771714e-001 -7.2930615e-001
  7.1700346e-001 -7.5860328e-001
  7.0310064e-001 -7.2380559e-001
  7.0851621e-001 -7.1243525e-001
  6.9782496e-001 -7.6476040e-001
  7.1712980e-001 -7.5204290e-001
  7.1235374e-001 -7.5958308e-001
  7.1756880e-001 -7.8628265e-001
  6.9988030e-001 -7.8435784e-001
  7.2009155e-001 -7.6525943e-001
  7.0391289e-001 -8.0755121e-001
  7.0231708e-001 -8.3578732e-001
  7.0265892e-001 -7.7404497e-001
  7.1756168e-001 -8.1547000e-001
  7.0963554e-001 -7.9296806e-001
  7.1886566e-001 -7.9087388e-001
  7.1468240e-001 -8.6165939e-001
  6.9741039e-001 -8.5294814e-001
  7.1473495e-001 -8.2770143e-001
  6.9792778e-001 -8.6956339e-001
  7.1818728e-001 -8.3918391e-001
  7.1037765e-001 -7.8705062e-001
  7.1258382e-001 -8.7233303e-001
  7.2075823e-001 -7.8094685e-001
  7.0688657e-001 -8.6971740e-001
  7.0897831e-001 -7.8405591e-001
  7.0114647e-001 -8.1614790e-001
  7.0702713e-001 -8.2269992e-001
  7.0931712e-001 -8.1060528e-001
  7.0643134e-001 -8.6486528e-001
  7.0626745e-001 -8.3364159e-001
  6.9877639e-001 -8.3162979e-001
  7.1781752e-001 -8.2669714e-001
  6.9982187e-001 -7.9826305e-001
  7.2018223e-001 -7.9819975e-001
  7.0415160e-001 -8.7343391e-001
  7.1302825e-001 -7.9208488e-001
  7.0834183e-001 -8.8233416e-001
  7.0953688e-001 -8.7663250e-001
  7.0581923e-001 -8.6671809e-001
  7.1649922e-001 -8.6531009e-001
  7.1318587e-001 -8.7754897e-001
  7.0112234e-001 -8.2434765e-001
  7.0666103e-001 -8.4490639e-001
  7.1278996e-001 -8.1546361e-001
  7.1163534e-001 -8.7753211e-001
  6.9749940e-001 -8.4548881e-001
  7.0237293e-001 -8.7306319e-001
  7.0093826e-001 -8.6137669e-001
  6.9901431e-001 -8.2626671e-001
  7.1512260e-001 -8.3113390e-001
  7.0567876e-001 -8.2127856e-001
  7.1077929e-001 -8.7667593e-001
  7.0348682e-001 -8.3712121e-001
  7.1873733e-001 -8.4139528e-001
  7.0528729e-001 -8.3472783e-001
  7.0420324e-001 -8.6816403e-001
  6.9821427e-001 -7.9438495e-001
  6.9817436e-001 -8.5390241e-001
  7.1786954e-001 -8.6127985e-001
  7.0279504e-001 -8.4729538e-001
  7.1419794e-001 -8.4721750e-001
  7.0293175e-001 -8.5680242e-001
  7.1037295e-001 -8.7520242e-001
  3.6222734e-001 -8.1178368e-001
  3.6184533e-001 -8.2746347e-001
  3.6598822e-001 -7.4671132e-001
  3.6335151e-001 -7.5123989e-001
  3.6149650e-001 -6.3879739e-001
  3.5705402e-001 -5.7789644e-001
  3.6690045e-001 -5.0543064e-001
  3.5717392e-001 -4.2941541e-001
  3.7940754e-001 -3.1193174e-001
  3.7154107e-001 -2.8142514e-001
  3.6027730e-001 -1.7304996e-001
  3.6404323e-001 -1.2537100e-001
  3.6492291e-001 -5.5657264e-002
  3.7217089e-001  3.8847155e-002
  3.7524714e-001 -1.0924114e-002
  3.6013630e-001  4.4004292e-002
  3.7456251e-001  9.1870144e-002
  3.7657856e-001  1.8097681e-001
  3.7338818e-001  1.2903377e-001
  3.6153096e-001  1.7617463e-001
  3.6430789e-001  2.0798748e-001
  3.6121904e-001  2.4721865e-001
  3.5798696e-001  2.6933335e-001
  3.7572121e-001  2.3725362e-001
  3.5917895e-001  3.1133238e-001
  3.7022645e-001  2.5283194e-001
  3.6439382e-001  3.4285210e-001
  3.7248655e-001  3.4625937e-001
  3.7036634e-001  2.6434667e-001
  3.6042591e-001  3.0625013e-001
  3.7257383e-001  3.5066960e-001
  3.7293129e-001  3.1370567e-001
  3.7323426e-001  3.7305530e-001
  3.5786716e-001  3.5209024e-001
  3.7367873e-001  3.0010484e-001
  3.7904603e-001  3.9120231e-001
  3.7061635e-001  3.3684769e-001
  3.5988186e-001  3.2429844e-001
  3.6657848e-001  4.0063223e-001
  3.7231860e-001  4.1118549e-001
  3.7878000e-001  3.9402311e-001
  3.7319099e-001  3.6644271e-001
  3.7553406e-001  4.1055816e-001
  3.6701305e-001  3.7370427e-001
  3.6592825e-001  3.6361953e-001
  3.6602217e-001  4.0804103e-001
  3.6089697e-001  3.2893955e-001
  3.6567577e-001  3.5707685e-001
  3.7500285e-001  3.3966622e-001
  3.6418068e-001  3.6423173e-001
  3.5823805e-001  4.0984817e-001
  3.7482326e-001  3.2847193e-001
  3.5799085e-001  4.1202834e-001
  3.5903893e-001  4.2457017e-001
  3.7052279e-001  4.0605857e-001
  3.7710617e-001  3.7954503e-001
  3.6310709e-001  3.8999162e-001
  3.5943519e-001  3.8722499e-001
  3.6826337e-001  4.2491057e-001
  3.6138607e-001  4.1484766e-001
  3.5846796e-001  4.0005283e-001
  3.6507518e-001  3.5545204e-001
  3.6663327e-001  3.4530853e-001
  3.7976637e-001  3.7235764e-001
  3.6425789e-001  3.3889603e-001
  3.7286462e-001  4.2854453e-001
  3.7595100e-001  4.2563363e-001
  3.6771664e-001  3.4887219e-001
  3.5887103e-001  3.7371982e-001
 -7.4276994e-001  4.2903107e-001
 -7.3584401e-001  3.8248681e-001
 -7.2440220e-001  3.3006335e-001
 -7.2922858e-001  3.1630437e-001
 -7.2982266e-001  3.8811621e-001
 -7.3113257e-001  3.0806126e-001
 -7.4382493e-001  3.4540946e-001
 -7.4836938e-001  2.9257400e-001
 -7.2708301e-001  3.2061544e-001
 -7.2570268e-001  2.7382509e-001
 -7.4046751e-001  2.4241629e-001
 -7.2899656e-001  2.8505194e-001
 -7.3372554e-001  2.3448464e-001
 -7.2692974e-001  2.5671431e-001
 -7.3440414e-001  2.1400403e-001
 -7.4502112e-001  1.9041239e-001
 -7.2547101e-001  2.4482228e-001
 -7.4609135e-001  1.8921198e-001
 -7.3793251e-001  1.8905946e-001
 -7.4143841e-001  1.6669785e-001
 -7.3949845e-001  1.5711048e-001
 -7.4050556e-001  1.5750163e-001
 -7.2703884e-001  2.1696189e-001
 -7.4815487e-001  1.5040407e-001
 -7.3772690e-001  2.2054793e-001
 -7.2504577e-001  1.7923770e-001
 -7.3128427e-001  2.0050052e-001
 -7.3855122e-001  2.2489625e-001
 -7.3099062e-001  2.1757593e-001
 -7.4589732e-001  1.7754410e-001
 -7.4395176e-001  2.1916659e-001
 -7.4424134e-001  1.5003018e-001
 -7.3512341e-001  2.0784408e-001
 -7.2969854e-001  1.9736920e-001
 -7.4245628e-001  1.8277768e-001
 -7.3328321e-001  1.7000025e-001
 -7.3394244e-001  2.2002249e-001
 -7.2480627e-001  1.4645218e-001
 -7.2490916e-001  1.3600407e-001
 -7.3719144e-001  1.8076258e-001
 -7.3848272e-001  1.8172702e-001
 -7.3579374e-001  2.0455331e-001
 -7.3176063e-001  1.6694601e-001
 -7.4340781e-001  1.2182249e-001
 -7.4610354e-001  1.6614149e-001
 -7.3474829e-001  1.9676219e-001
 -7.3376263e-001  1.8264873e-001
 -7.4079949e-001  1.9898383e-001
 -7.4359173e-001  1.7811177e-001
 -7.3116778e-001  1.5387347e-001
 -7.2586349e-001  1.9724706e-001
 -7.2894226e-001  2.0402068e-001
 -7.3962594e-001  1.5235667e-001
 -7.4530799e-001  1.2880298e-001
 -7.3935341e-001  1.8580150e-001
 -7.4261211e-001  2.1153445e-001
 -7.2654931e-001  1.7736483e-001
 -7.2801897e-001  2.0984850e-001
 -7.4630189e-001  1.9830852e-001
 -7.2593787e-001  1.9552331e-001
 -7.4017645e-001  2.1202796e-001
 -7.3114011e-001  1.2051361e-001
 -7.3054009e-001  1.3035389e-001
 -7.4771952e-001  1.3381416e-001
 -7.2977406e-001  1.5160892e-001
 -7.4682209e-001  2.0181821e-001
 -7.4038187e-001  2.1367119e-001
 -7.4249930e-001  2.0537120e-001
 -7.3213255e-001  2.0110010e-001
  8.5220256e-001  2.0694223e-001
  8.4496922e-001  1.2130279e-001
  8.4575756e-001  7.5564810e-002
  8.4602378e-001  1.2046436e-002
  8.5375851e-001 -1.8728412e-001
  8.4512820e-001 -2.9151036e-001
  8.4374992e-001 -4.7544160e-001
  8.4858610e-001 -6.5157607e-001
  8.4407455e-001 -7.7585797e-001
  8.5341553e-001 -9.0334431e-001
  8.4465565e-001 -9.6066994e-001
  8.5440772e-001 -1.1056932e+000
  8.5199788e-001 -1.1776625e+000
  8.4452928e-001 -1.2523332e+000
  8.3713533e-001 -1.2986420e+000
  8.5206693e-001 -1.3781312e+000
  8.3887958e-001 -1.4856685e+000
  8.5558015e-001 -1.5619409e+000
  8.5213462e-001 -1.6210844e+000
  8.4622625e-001 -1.6281595e+000
  8.5878669e-001 -1.6561261e+000
  8.4124788e-001 -1.6474485e+000
  8.5420376e-001 -1.7221719e+000
  8.4893316e-001 -1.6970106e+000
  8.4166954e-001 -1.7893797e+000
  8.5129165e-001 -1.7528747e+000
  8.4637695e-001 -1.8540783e+000
  8.5920451e-001 -1.8694780e+000
  8.4485485e-001 -1.8119455e+000
  8.5682173e-001 -1.8973520e+000
  8.4263705e-001 -1.8140016e+000
  8.3607958e-001 -1.8898212e+000
  8.3675140e-001 -1.8418725e+000
  8.4087065e-001 -1.9114236e+000
  8.3640938e-001 -1.9036591e+000
  8.5947080e-001 -1.9096532e+000
  8.3669473e-001 -1.9057011e+000
  8.5087866e-001 -1.8888390e+000
  8.3964358e-001 -1.8872264e+000
  8.4364386e-001 -1.8987714e+000
  8.4999514e-001 -1.9254721e+000
  8.4815176e-001 -1.9467091e+000
  8.4134389e-001 -1.9712309e+000
  8.4146267e-001 -1.9338695e+000
  8.4109730e-001 -1.9361087e+000
  8.4188379e-001 -1.9184758e+000
  8.3877630e-001 -1.9235201e+000
  8.4582889e-001 -1.9006224e+000
  8.3826566e-001 -1.9060501e+000
  8.4917204e-001 -1.9286122e+000
  8.3734415e-001 -1.9365164e+000
  8.5918947e-001 -1.8986962e+000
  8.4000906e-001 -1.9980262e+000
  8.5140586e-001 -1.9427346e+000
  8.5802983e-001 -1.9629082e+000
  8.3805679e-001 -1.9607757e+000
  8.5338027e-001 -1.9840141e+000
  8.4580175e-001 -1.9763665e+000
  8.4970145e-001 -1.9484638e+000
  8.5689806e-001 -1.9967182e+000
  8.5504155e-001 -1.9150006e+000
  8.3741343e-001 -1.9256626e+000
  8.5097104e-001 -1.9355001e+000
  8.5181382e-001 -1.9566033e+000
  8.3892275e-001 -1.9673540e+000
  8.5478612e-001 -1.9631064e+000
  8.4650061e-001 -1.9766826e+000
  8.4980007e-001 -1.9614497e+000
  8.4983488e-001 -1.9571587e+000
  2.7536487e-001 -1.9703157e+000
  2.7712429e-001 -1.9197731e+000
  2.7693962e-001 -1.9125918e+000
  2.7308472e-001 -1.7207449e+000
  2.8860858e-001 -1.5764484e+000
  2.7371190e-001 -1.3640971e+000
  2.8763895e-001 -1.2644716e+000
  2.8771105e-001 -1.0724155e+000
  2.8298125e-001 -8.8115002e-001
  2.7039706e-001 -7.4553848e-001
  2.8895224e-001 -6.3565687e-001
  2.9013526e-001 -5.3965374e-001
  2.8837992e-001 -4.4741423e-001
  2.6673434e-001 -3.8133065e-001
  2.7884646e-001 -3.0534963e-001
  2.7782818e-001 -2.1780207e-001
  2.7203088e-001 -1.2783231e-001
  2.7535515e-001 -1.0027145e-001
  2.7955951e-001  2.4836111e-002
  2.9016601e-001  5.8722227e-002
  2.9007169e-001  3.1753757e-002
  2.8407121e-001  1.4200022e-001
  2.8726900e-001  1.7017893e-001
  2.7783677e-001  2.2021437e-001
  2.8746718e-001  1.6967730e-001
  2.7423598e-001  2.6493685e-001
  2.7820589e-001  2.1581988e-001
  2.6795729e-001  2.6879193e-001
  2.7084600e-001  3.0713954e-001
  2.8622315e-001  3.1871076e-001
  2.8578110e-001  3.2816885e-001
  2.8473851e-001  3.5806628e-001
  2.6791007e-001  3.7549274e-001
  2.8908433e-001  3.7676035e-001
  2.8652198e-001  3.6808942e-001
  2.7110527e-001  3.0748918e-001
  2.9012175e-001  3.2672415e-001
  2.8806887e-001  3.3974525e-001
  2.7566907e-001  3.1851143e-001
  2.8274870e-001  3.5274017e-001
  2.8201507e-001  3.8982739e-001
  2.7828092e-001  4.0038841e-001
  2.8085126e-001  4.1872368e-001
  2.8820233e-001  4.0793444e-001
  2.7222219e-001  3.4938753e-001
  2.7329615e-001  4.2137370e-001
  2.7838612e-001  3.4424589e-001
  2.7402769e-001  4.4199894e-001
  2.8421523e-001  3.9544167e-001
  2.6708879e-001  4.3425104e-001
  2.7156132e-001  3.9815813e-001
  2.8982711e-001  3.8513328e-001
  2.8865255e-001  4.3389097e-001
  2.7015036e-001  3.5293925e-001
  2.8608900e-001  4.1585298e-001
  2.8111767e-001  3.9466622e-001
  2.8306919e-001  4.1668295e-001
  2.7975401e-001  4.1647049e-001
  2.7374150e-001  4.2072874e-001
  2.7436590e-001  4.3262089e-001
  2.6943286e-001  4.2195680e-001
  2.7293213e-001  3.7782351e-001
  2.8075605e-001  3.6603060e-001
  2.8023004e-001  3.9362998e-001
  2.7987182e-001  4.3480776e-001
  2.7855097e-001  3.7381645e-001
  2.6900306e-001  3.9610902e-001
  2.7436919e-001  4.0326473e-001
  2.7109882e-001  3.7443223e-001
 -2.9820847e-002  4.0388986e-001
 -2.0021687e-002  4.1018478e-001
 -2.9313317e-002  3.7963240e-001
 -2.1129080e-002  3.4683783e-001
 -2.5454427e-002  3.7778579e-001
 -1.8410337e-002  3.4183011e-001
 -3.1859972e-002  2.7052661e-001
 -1.7180952e-002  2.3980293e-001
 -2.3713079e-002  1.6513675e-001
 -2.2106054e-002  1.4269861e-001
 -1.8992982e-002  1.4237788e-001
 -1.6329685e-002  1.1344509e-001
 -1.8868209e-002  1.1077384e-001
 -2.0455950e-002  1.3596972e-001
 -2.0840736e-002  1.1656475e-001
 -1.3088986e-002  8.7762652e-002
 -2.6989677e-002  7.3516761e-002
 -1.8572570e-002  8.7494969e-002
 -2.4774286e-002  7.3723237e-002
 -1.6571152e-002 -2.0248116e-002
 -1.5985176e-002  1.9913490e-002
 -2.9514297e-002 -3.5210476e-002
 -9.9298501e-003  6.2041407e-004
 -1.8181349e-002 -2.1126834e-003
 -2.8116464e-002  2.0484229e-002
 -1.8272739e-002 -3.2416514e-002
 -2.5699551e-002 -3.7787051e-002
 -3.2197823e-002 -1.8492389e-002
 -2.5837716e-002 -3.9644825e-002
 -2.0129697e-002 -3.6360824e-002
 -3.1796447e-002 -1.5781148e-002
 -2.8751721e-002 -5.3584500e-002
 -2.3006502e-002 -6.7922230e-002
 -1.4343260e-002 -3.7231717e-002
 -2.7512507e-002  1.1097337e-002
 -1.8616628e-002 -2.4014311e-003
 -2.9049240e-002 -3.7586059e-002
 -2.5227237e-002 -7.9749187e-002
 -2.7987462e-002  6.8537600e-003
 -1.3116378e-002 -3.2129484e-002
 -1.7660841e-002 -5.6704878e-002
 -2.3796190e-002 -7.6712754e-002
 -1.1192368e-002 -2.5248199e-002
 -1.9900759e-002 -8.0578298e-002
 -1.5793675e-002 -7.4711576e-002
 -1.9364165e-002 -1.9672674e-002
 -1.3082175e-002 -8.8727171e-002
 -2.8289197e-002 -6.6709040e-003
 -2.3050476e-002 -9.6572571e-002
 -2.8411689e-002 -8.8235849e-002
 -1.9482694e-002 -8.1085854e-002
 -3.1711424e-002 -2.7667731e-002
 -1.8960083e-002 -9.3429284e-002
 -1.9276098e-002 -8.6493611e-002
 -1.1075638e-002 -8.3846032e-002
 -2.2738042e-002 -7.4771169e-002
 -1.5952514e-002 -5.2269743e-002
 -1.4514943e-002 -2.3959326e-002
 -3.0581698e-002 -3.2456623e-002
 -2.4245154e-002 -4.1062062e-002
 -1.6068911e-002 -6.1289379e-002
 -1.2420676e-002 -6.4145340e-002
 -2.1739665e-002 -5.1350672e-002
 -2.7435412e-002 -7.9199427e-002
 -3.0803737e-002 -7.4383682e-002
 -2.9923001e-002 -4.8221456e-002
 -1.4461419e-002 -6.7679675e-002
 -1.3190228e-002 -5.6675538e-002
 -1.4357500e-002 -5.6717321e-003
 -1.6852986e-001 -7.3116116e-002
 -1.7859811e-001 -2.4821951e-002
 -1.6067839e-001 -9.8133225e-002
 -1.7581162e-001 -5.6880719e-002
 -1.7398831e-001 -1.2342987e-001
 -1.6072877e-001 -1.4182480e-001
 -1.7027895e-001 -1.6736928e-001
 -1.6753521e-001 -1.5258672e-001
 -1.6318611e-001 -2.1385019e-001
 -1.6368000e-001 -1.9294424e-001
 -1.6750462e-001 -2.2515736e-001
 -1.6784214e-001 -2.4462372e-001
 -1.8077314e-001 -2.7314476e-001
 -1.6301262e-001 -3.0888238e-001
 -1.6069189e-001 -2.5357888e-001
 -1.6574649e-001 -3.3916304e-001
 -1.7938949e-001 -2.8433395e-001
 -1.7233161e-001 -3.6781060e-001
 -1.6843382e-001 -3.6622580e-001
 -1.6007980e-001 -3.6599828e-001
 -1.7227543e-001 -3.7262948e-001
 -1.6383876e-001 -3.9679000e-001
 -1.7391306e-001 -3.8604126e-001
 -1.6811949e-001 -4.1119049e-001
 -1.7495269e-001 -4.1665380e-001
 -1.7374388e-001 -3.8870812e-001
 -1.7601772e-001 -3.4394952e-001
 -1.6507902e-001 -4.0379547e-001
 -1.7033181e-001 -3.5285882e-001
 -1.7900632e-001 -3.7484933e-001
 -1.6395490e-001 -4.1979914e-001
 -1.7031486e-001 -4.2094958e-001
 -1.8062463e-001 -4.3699293e-001
 -1.7551951e-001 -3.7071137e-001
 -1.6652782e-001 -3.6956938e-001
 -1.6734748e-001 -3.9961184e-001
 -1.7219252e-001 -4.1520344e-001
 -1.7583291e-001 -4.3376798e-001
 -1.7829118e-001 -3.7960331e-001
 -1.6572600e-001 -4.2045942e-001
 -1.6307693e-001 -3.6065697e-001
 -1.6101797e-001 -3.7446311e-001
 -1.7807707e-001 -4.1961067e-001
 -1.7851027e-001 -4.1625133e-001
 -1.6128534e-001 -3.9144438e-001
 -1.6120932e-001 -3.4970791e-001
 -1.7943685e-001 -4.0499442e-001
 -1.7007464e-001 -4.0656398e-001
 -1.7015378e-001 -3.9240394e-001
 -1.7562154e-001 -4.2193988e-001
 -1.6423787e-001 -4.0612689e-001
 -1.7800085e-001 -4.2037410e-001
 -1.7823458e-001 -3.9133008e-001
 -1.7904300e-001 -3.6240138e-001
 -1.7039397e-001 -4.2290383e-001
 -1.6748720e-001 -3.5321372e-001
 -1.7339743e-001 -3.5729709e-001
 -1.7340050e-001 -4.0947077e-001
 -1.8102565e-001 -3.6703421e-001
 -1.5850468e-001 -3.7552521e-001
 -1.6041888e-001 -4.3493754e-001
 -1.7577186e-001 -3.5762368e-001
 -1.7828737e-001 -4.3816090e-001
 -1.6478298e-001 -4.4590921e-001
 -1.6564139e-001 -4.2813269e-001
 -1.6000302e-001 -3.7431899e-001
 -1.7257338e-001 -4.1807819e-001
 -1.5850229e-001 -4.3327359e-001
 -1.6875414e-001 -4.1412611e-001
  6.5483654e-001 -4.2032055e-001
  6.5176290e-001 -4.2290029e-001
  6.3873106e-001 -4.3400447e-001
  6.5216454e-001 -4.3200577e-001
  6.5486438e-001 -3.8625458e-001
  6.4309130e-001 -4.4411162e-001
  6.4639679e-001 -4.1811979e-001
  6.3713372e-001 -4.1581343e-001
  6.5127248e-001 -4.1530838e-001
  6.5293885e-001 -3.8987734e-001
  6.3838935e-001 -4.5064323e-001
  6.4851929e-001 -4.6559839e-001
  6.3364435e-001 -4.6174911e-001
  6.4361633e-001 -3.9631259e-001
  6.4878653e-001 -4.6642820e-001
  6.4390325e-001 -4.6537111e-001
  6.5552925e-001 -4.0997049e-001
  6.3353667e-001 -4.8198526e-001
  6.4053336e-001 -4.6749173e-001
  6.5115420e-001 -4.6532501e-001
  6.4611292e-001 -4.2730294e-001
  6.4220666e-001 -4.3564684e-001
  6.4950368e-001 -4.0012537e-001
  6.4200162e-001 -4.3841191e-001
  6.4328705e-001 -4.4413958e-001
  6.4370508e-001 -4.8168802e-001
  6.4895934e-001 -4.1445497e-001
  6.3937468e-001 -4.2403950e-001
  6.3495730e-001 -4.5908141e-001
  6.5546043e-001 -4.1837235e-001
  6.3895137e-001 -4.5110425e-001
  6.4354134e-001 -4.3662849e-001
  6.4299007e-001 -4.2492342e-001
  6.4901800e-001 -3.9873259e-001
  6.3533521e-001 -4.3270873e-001
  6.3594736e-001 -4.2693099e-001
  6.4555130e-001 -4.6740837e-001
  6.5470664e-001 -4.2779727e-001
  6.3820746e-001 -4.7595366e-001
  6.5406738e-001 -4.1796772e-001
  6.3919272e-001 -4.0787559e-001
  6.4049230e-001 -4.1209576e-001
  6.3292929e-001 -4.9344261e-001
  6.3526963e-001 -4.2461412e-001
  6.5275724e-001 -4.0623698e-001
  6.4790290e-001 -4.5680058e-001
  6.4717812e-001 -4.2573264e-001
  6.3812037e-001 -4.9393392e-001
  6.3547971e-001 -4.0965969e-001
  6.3513139e-001 -4.1218000e-001
  6.3426183e-001 -4.1412464e-001
  6.4525630e-001 -4.7100165e-001
  6.4340427e-001 -4.9760631e-001
  6.3442731e-001 -4.1931718e-001
  6.5291132e-001 -4.6427795e-001
  6.3754985e-001 -4.1436641e-001
  6.3843211e-001 -4.5942975e-001
  6.4512733e-001 -4.0962193e-001
  6.4856627e-001 -4.9084085e-001
  6.5266464e-001 -4.4747434e-001
  6.5006275e-001 -4.3394257e-001
  6.4114193e-001 -4.7530540e-001
  6.3512103e-001 -4.5845454e-001
  6.4633937e-001 -4.1022955e-001
  6.5666053e-001 -4.7467435e-001
  6.4227822e-001 -4.7037307e-001
  6.5119840e-001 -4.8406247e-001
  6.5171647e-001 -4.2088576e-001
  6.3448663e-001 -4.7956223e-001
 -4.8371255e-001 -4.7618640e-001
 -4.7372616e-001 -4.9840342e-001
 -4.8532238e-001 -4.4477152e-001
 -4.7095981e-001 -5.0999934e-001
 -4.6997557e-001 -5.3011640e-001
 -4.7279918e-001 -4.9930913e-001
 -4.8258167e-001 -5.6451406e-001
 -4.6966066e-001 -5.7355504e-001
 -4.6926550e-001 -6.2156096e-001
 -4.8703500e-001 -5.7075291e-001
 -4.9181725e-001 -6.1172712e-001
 -4.7340363e-001 -5.6848278e-001
 -4.8339422e-001 -6.1391907e-001
 -4.7348344e-001 -6.4947807e-001
 -4.7191948e-001 -6.7272522e-001
 -4.8360131e-001 -6.5680158e-001
 -4.7016846e-001 -6.8273622e-001
 -4.9270872e-001 -6.6989962e-001
 -4.7004233e-001 -6.5858688e-001
 -4.7756185e-001 -6.5347551e-001
 -4.7150915e-001 -6.6785489e-001
 -4.8722248e-001 -6.8451509e-001
 -4.8996826e-001 -6.6337646e-001
 -4.7780012e-001 -6.5800945e-001
 -4.8465442e-001 -6.7796037e-001
 -4.8037339e-001 -6.6762220e-001
 -4.9005402e-001 -7.1576171e-001
 -4.8816293e-001 -6.9071323e-001
 -4.7612363e-001 -7.5035355e-001
 -4.7289341e-001 -6.8173445e-001
 -4.7060002e-001 -7.5749382e-001
 -4.7599044e-001 -7.2480789e-001
 -4.7473033e-001 -7.1323645e-001
 -4.6969808e-001 -7.1793435e-001
 -4.8141707e-001 -6.9236969e-001
 -4.8999787e-001 -6.8863729e-001
 -4.7757492e-001 -6.8985214e-001
 -4.7247012e-001 -7.4603533e-001
 -4.8750166e-001 -7.1772208e-001
 -4.7664898e-001 -7.0020272e-001
 -4.6904513e-001 -7.4183144e-001
 -4.9019920e-001 -7.2750999e-001
 -4.8685455e-001 -7.4374460e-001
 -4.7008683e-001 -6.8151040e-001
 -4.7443142e-001 -7.3651147e-001
 -4.9255370e-001 -7.4961905e-001
 -4.8002078e-001 -7.0870138e-001
 -4.6932918e-001 -6.9436863e-001
 -4.7994758e-001 -7.6491487e-001
 -4.9148881e-001 -7.5140309e-001
 -4.7660274e-001 -7.1915031e-001
 -4.8741253e-001 -7.0835389e-001
 -4.7866632e-001 -7.3903183e-001
 -4.8959702e-001 -7.7380865e-001
 -4.9128843e-001 -7.6379109e-001
 -4.8950203e-001 -7.6466338e-001
 -4.7582663e-001 -7.0962624e-001
 -4.7739999e-001 -6.8631942e-001
 -4.8892951e-001 -6.8602793e-001
 -4.6938522e-001 -6.8112130e-001
 -4.6914769e-001 -7.1630354e-001
 -4.8193779e-001 -6.9588287e-001
 -4.8928944e-001 -7.2658917e-001
 -4.7415461e-001 -7.7887495e-001
 -4.7879087e-001 -7.5445158e-001
 -4.7809151e-001 -6.9912611e-001
 -4.7808313e-001 -7.4077804e-001
 -4.8989898e-001 -6.9841470e-001
 -4.7445159e-001 -7.7950357e-001
  3.9312004e-001 -6.9531679e-001
  3.9922820e-001 -7.7142985e-001
  3.9532957e-001 -7.0264601e-001
  3.9773725e-001 -6.3451046e-001
  3.9664639e-001 -5.3858767e-001
  4.0504701e-001 -4.5394194e-001
  3.8349745e-001 -4.1043273e-001
  3.9239351e-001 -3.6820217e-001
  4.0460588e-001 -3.0351466e-001
  3.8957076e-001 -1.7834010e-001
  4.0015091e-001 -1.8065183e-001
  4.0038284e-001 -1.1953066e-001
  3.8467956e-001 -3.0209483e-002
  3.9731760e-001  8.0665279e-003
  3.9232457e-001  2.9206219e-002
  3.9075867e-001  4.1177033e-002
  3.9181332e-001  9.7282772e-002
  3.8622842e-001  1.2026364e-001
  3.8618816e-001  1.6453022e-001
  3.8721109e-001  1.9272064e-001
  3.9710488e-001  2.3109698e-001
  3.9462326e-001  2.1487378e-001
  3.8239434e-001  2.3725520e-001
  4.0256140e-001  2.0313791e-001
  3.9252674e-001  2.9280469e-001
  3.8410570e-001  2.9204589e-001
  3.9329446e-001  2.3259960e-001
  3.9800659e-001  2.9420314e-001
  3.9758447e-001  3.2561852e-001
  4.0596893e-001  3.4635636e-001
  4.0365904e-001  3.3683398e-001
  3.9632068e-001  2.7332020e-001
  3.9910766e-001  3.5056690e-001
  3.8783330e-001  3.3493002e-001
  4.0221269e-001  3.2261302e-001
  4.0317694e-001  3.1342005e-001
  3.9928483e-001  2.9742783e-001
  3.8534078e-001  3.7100195e-001
  3.9292903e-001  3.5430662e-001
  3.8502825e-001  3.1600141e-001
  3.8546542e-001  3.3299917e-001
  3.9944358e-001  3.1574274e-001
  4.0274185e-001  3.9331119e-001
  3.9253476e-001  3.8923389e-001
  3.9393074e-001  3.3380381e-001
  4.0167691e-001  3.5143282e-001
  3.8939171e-001  3.7991970e-001
  4.0348047e-001  3.0051563e-001
  4.0573510e-001  3.9730505e-001
  3.8238493e-001  3.1513588e-001
  3.9921371e-001  3.1110556e-001
  3.8222854e-001  3.9947209e-001
  3.9298213e-001  3.5665234e-001
  3.9130059e-001  3.4686668e-001
  3.8250525e-001  3.5844228e-001
  3.9562752e-001  3.2876823e-001
  3.9740988e-001  4.0099819e-001
  4.0612241e-001  3.9997153e-001
  3.9379497e-001  3.4164084e-001
  3.9155360e-001  3.8565767e-001
  4.0001720e-001  3.1681884e-001
  3.8789700e-001  3.6636373e-001
  3.9803532e-001  3.2417818e-001
  3.8932792e-001  3.5872709e-001
  4.0369859e-001  3.7131685e-001
  3.9755947e-001  3.4035973e-001
  3.9696189e-001  3.0513266e-001
  3.9627087e-001  3.7805825e-001
  3.8769067e-001  3.3369732e-001
  1.0022251e+000  3.6114982e-001
  9.8668521e-001  3.9842950e-001
  9.9177742e-001  1.7221639e-001
  1.0000157e+000  5.1677095e-003
  9.9796595e-001 -2.4818821e-001
  1.0021526e+000 -6.0010421e-001
  9.8725490e-001 -8.4484016e-001
  1.0028606e+000 -1.1686894e+000
  9.9565624e-001 -1.3698256e+000
  1.0029079e+000 -1.6002072e+000
  1.0065153e+000 -1.8492077e+000
  9.9541335e-001 -2.0086663e+000
  1.0071767e+000 -2.2317811e+000
  9.9233683e-001 -2.3078103e+000
  9.9868096e-001 -2.4911015e+000
  1.0038000e+000 -2.6265371e+000
  9.8985276e-001 -2.7387966e+000
  9.8974592e-001 -2.8043647e+000
  1.0000839e+000 -2.8808208e+000
  9.9228986e-001 -3.0330927e+000
  1.0003585e+000 -3.0669476e+000
  1.0072538e+000 -3.1307177e+000
  9.8595340e-001 -3.1239955e+000
  9.8747642e-001 -3.1738430e+000
  9.9351990e-001 -3.2863645e+000
  9.9010942e-001 -3.3010540e+000
  1.0047911e+000 -3.3431223e+000
  9.8759394e-001 -3.3846351e+000
  1.0051336e+000 -3.3582689e+000
  9.9712885e-001 -3.4277848e+000
  1.0045197e+000 -3.4321099e+000
  9.9722403e-001 -3.5121414e+000
  1.0039719e+000 -3.4467912e+000
  9.8943908e-001 -3.5136359e+000
  1.0066032e+000 -3.5401997e+000
  9.9490588e-001 -3.5678307e+000
  9.9953829e-001 -3.5059694e+000
  9.9262812e-001 -3.5004277e+000
  1.0006740e+000 -3.5239163e+000
  9.9684854e-001 -3.5215348e+000
  1.0024338e+000 -3.5779335e+000
  9.9331487e-001 -3.5469387e+000
  9.8816782e-001 -3.5919691e+000
  1.0030453e+000 -3.5430763e+000
  9.8679215e-001 -3.5578663e+000
  9.9804057e-001 -3.5486729e+000
  9.9852817e-001 -3.5746162e+000
  1.0061943e+000 -3.6407702e+000
  1.0058920e+000 -3.6377824e+000
  9.9892296e-001 -3.5920910e+000
  9.9400473e-001 -3.6125128e+000
  9.8586981e-001 -3.5893021e+000
  9.9121220e-001 -3.6026238e+000
  9.8979188e-001 -3.6100410e+000
  9.8914464e-001 -3.6496120e+000
  9.8484159e-001 -3.5715333e+000
  1.0026895e+000 -3.6506722e+000
  9.8982092e-001 -3.6133986e+000
  9.9323465e-001 -3.6430809e+000
  9.8611559e-001 -3.6222686e+000
  9.9393871e-001 -3.6232197e+000
  1.0064119e+000 -3.5941011e+000
  9.9633911e-001 -3.6449228e+000
  9.9169216e-001 -3.6527435e+000
  9.8567034e-001 -3.6339018e+000
  9.9700546e-001 -3.6202256e+000
  9.9808092e-001 -3.5827688e+000
  9.9957528e-001 -3.6217919e+000
  9.8558207e-001 -3.6194223e+000
 -8.9412262e-001 -3.6177709e+000
 -8.9897613e-001 -3.5784155e+000
 -9.0194351e-001 -3.4003008e+000
 -9.0832005e-001 -3.0848068e+000
 -9.0856183e-001 -2.7521705e+000
 -9.0500175e-001 -2.4067169e+000
 -9.0694299e-001 -1.9652893e+000
 -9.0265014e-001 -1.6020245e+000
 -8.9961526e-001 -1.3426947e+000
 -9.0752585e-001 -9.9844882e-001
 -8.9413705e-001 -7.1358278e-001
 -9.0506101e-001 -4.1941490e-001
 -8.8964840e-001 -1.9423334e-001
 -9.0187362e-001  2.7460937e-002
 -8.9897766e-001  1.5371948e-001
 -9.0893669e-001  3.3862464e-001
 -9.0825808e-001  4.7970848e-001
 -8.8932564e-001  6.0023296e-001
 -9.0418280e-001  7.0468170e-001
 -8.9225542e-001  8.7158644e-001
 -9.0044159e-001  9.7797713e-001
 -9.0988001e-001  1.0854730e+000
 -8.8897908e-001  1.1455330e+000
 -8.9443602e-001  1.2152670e+000
 -9.0567024e-001  1.2802399e+000
 -8.9857959e-001  1.2719607e+000
 -9.0378996e-001  1.3277755e+000
 -8.8940078e-001  1.3903132e+000
 -8.9383982e-001  1.4661335e+000
 -9.1070012e-001  1.4636646e+000
 -9.0519444e-001  1.5052428e+000
 -8.8804905e-001  1.5326699e+000
 -8.9167126e-001  1.4778461e+000
 -8.9565443e-001  1.5102079e+000
 -8.9688106e-001  1.6090510e+000
 -8.9422264e-001  1.5548463e+000
 -9.0453121e-001  1.5509801e+000
 -8.9999154e-001  1.6258507e+000
 -8.9007704e-001  1.5992147e+000
 -9.0997864e-001  1.6405815e+000
 -8.8998667e-001  1.6218731e+000
 -9.0611617e-001  1.6677942e+000
 -8.9880040e-001  1.6780960e+000
 -9.0467150e-001  1.6482080e+000
 -9.0407365e-001  1.6684038e+000
 -8.9968601e-001  1.6639935e+000
 -9.0706188e-001  1.7109645e+000
 -8.9067769e-001  1.6973535e+000
 -8.9526248e-001  1.7126317e+000
 -8.9704791e-001  1.7306869e+000
 -9.0314210e-001  1.6783665e+000
 -8.9445550e-001  1.7266628e+000
 -9.0068956e-001  1.7126382e+000
 -9.0894353e-001  1.6556106e+000
 -8.9958307e-001  1.7400130e+000
 -9.0491835e-001  1.6568313e+000
 -9.0379115e-001  1.7410200e+000
 -9.0220747e-001  1.7355361e+000
 -9.0841723e-001  1.6676860e+000
 -8.9778986e-001  1.6548233e+000
 -8.9061315e-001  1.7372412e+000
 -8.9126552e-001  1.6732113e+000
 -8.9446429e-001  1.7050317e+000
 -9.0110625e-001  1.7382253e+000
 -9.0888372e-001  1.6809531e+000
 -9.0034088e-001  1.6936649e+000
 -8.9962047e-001  1.7218920e+000
 -9.0803497e-001  1.7014694e+000
 -8.9145055e-001  1.7339807e+000
 -9.5215834e-001  1.7157444e+000
 -9.5106760e-001  1.7351446e+000
 -9.5355460e-001  1.7647081e+000
 -9.5758437e-001  1.7297642e+000
 -9.5460685e-001  1.8206787e+000
 -9.3558401e-001  1.8353766e+000
 -9.5780788e-001  1.9327831e+000
 -9.3669075e-001  1.9932051e+000
 -9.4302233e-001  2.0238676e+000
 -9.4319040e-001  1.9753246e+000
 -9.5626242e-001  2.0680176e+000
 -9.3504355e-001  2.0481186e+000
 -9.3512073e-001  2.1543317e+000
 -9.5589284e-001  2.1710128e+000
 -9.4760772e-001  2.1348167e+000
 -9.4760230e-001  2.2123888e+000
 -9.5009122e-001  2.1826657e+000
 -9.3816720e-001  2.2461907e+000
 -9.3739628e-001  2.2396419e+000
 -9.3652554e-001  2.2741268e+000
 -9.4143742e-001  2.2209864e+000
 -9.3472289e-001  2.2417389e+000
 -9.5110918e-001  2.3038604e+000
 -9.4706154e-001  2.2876057e+000
 -9.3738769e-001  2.2733482e+000
 -9.5060290e-001  2.3128383e+000
 -9.4464145e-001  2.3031224e+000
 -9.4477472e-001  2.3483263e+000
 -9.4046379e-001  2.2737430e+000
 -9.3654035e-001  2.2773182e+000
 -9.3762049e-001  2.3332149e+000
 -9.3715799e-001  2.3688962e+000
 -9.4908186e-001  2.3334649e+000
 -9.5567280e-001  2.3707925e+000
 -9.4922376e-001  2.3091271e+000
 -9.5680465e-001  2.2901286e+000
 -9.4283981e-001  2.3784825e+000
 -9.4450832e-001  2.3130010e+000
 -9.4681503e-001  2.3372585e+000
 -9.4897959e-001  2.3716484e+000
 -9.4361696e-001  2.3722888e+000
 -9.4637219e-001  2.3354345e+000
 -9.4748409e-001  2.3306094e+000
 -9.4780744e-001  2.3126974e+000
 -9.4508764e-001  2.3816591e+000
 -9.3869232e-001  2.3133395e+000
 -9.3445586e-001  2.3440320e+000
 -9.3764352e-001  2.3565305e+000
 -9.5007558e-001  2.3367391e+000
 -9.4427212e-001  2.2967003e+000
 -9.3618869e-001  2.3552696e+000
 -9.4691866e-001  2.3912739e+000
 -9.4087282e-001  2.3655885e+000
 -9.4436869e-001  2.3479886e+000
 -9.4972856e-001  2.3211270e+000
 -9.4521601e-001  2.3072180e+000
 -9.4934896e-001  2.3362941e+000
 -9.5252152e-001  2.3219909e+000
 -9.5609073e-001  2.3824087e+000
 -9.4463374e-001  2.2996818e+000
 -9.3596270e-001  2.3920446e+000
 -9.4118691e-001  2.3088513e+000
 -9.3906194e-001  2.3795982e+000
 -9.4062203e-001  2.3137912e+000
 -9.5300909e-001  2.3615366e+000
 -9.3862131e-001  2.3104425e+000
 -9.5019631e-001  2.3547438e+000
 -9.5374171e-001  2.3078854e+000
 -9.5015436e-001  2.3735970e+000
 -1.9822948e-001  2.3105022e+000
 -2.1099338e-001  2.3886115e+000
 -1.9534069e-001  2.2238742e+000
 -2.0234974e-001  2.1267003e+000
 -2.0375854e-001  1.8377808e+000
 -1.9434476e-001  1.6844382e+000
 -2.1278593e-001  1.4989978e+000
 -2.0361808e-001  1.2562150e+000
 -1.9285231e-001  1.1586569e+000
 -1.9673831e-001  9.9060307e-001
 -1.9038987e-001  7.7422863e-001
 -2.0175655e-001  6.8525582e-001
 -2.0357946e-001  5.5804429e-001
 -1.9981188e-001  4.6587627e-001
 -2.0034006e-001  3.7074771e-001
 -2.0087069e-001  2.1828256e-001
 -2.1105897e-001  2.1666151e-001
 -2.0772848e-001  1.0941511e-001
 -2.0875575e-001  7.5303735e-002
 -1.9869648e-001 -1.9007189e-002
 -1.9761079e-001 -7.8638124e-002
 -1.9535266e-001 -1.4258448e-001
 -1.9894121e-001 -1.3767988e-001
 -1.9509449e-001 -2.0054808e-001
 -2.1145662e-001 -2.5067009e-001
 -2.0443916e-001 -2.8819662e-001
 -2.0871603e-001 -2.2902406e-001
 -1.9109679e-001 -2.8503535e-001
 -2.0023563e-001 -2.7651654e-001
 -2.0739010e-001 -3.6949212e-001
 -1.9850519e-001 -3.6963077e-001
 -1.9448171e-001 -3.3224375e-001
 -1.9350023e-001 -3.6780187e-001
 -1.9467840e-001 -4.1750287e-001
 -2.1241120e-001 -3.4926212e-001
 -1.9204172e-001 -3.5435768e-001
 -2.1129384e-001 -4.5373777e-001
 -1.9750903e-001 -4.1175281e-001
 -2.1370087e-001 -4.1395871e-001
 -1.9401173e-001 -3.8571620e-001
 -1.9016790e-001 -4.7785712e-001
 -1.9237233e-001 -4.3556333e-001
 -2.1199530e-001 -3.9037884e-001
 -2.0106411e-001 -4.0954411e-001
 -1.9332660e-001 -4.5552314e-001
 -2.0250966e-001 -4.1715665e-001
 -1.9692335e-001 -4.1106359e-001
 -2.0356811e-001 -5.0075045e-001
 -1.9253354e-001 -4.5653095e-001
 -1.9902510e-001 -4.1535668e-001
 -2.0905362e-001 -4.7703595e-001
 -1.9854270e-001 -4.8708982e-001
 -2.0076665e-001 -4.4277198e-001
 -1.9213528e-001 -4.9183255e-001
 -2.0296385e-001 -4.1745005e-001
 -2.0339032e-001 -4.2334584e-001
 -2.0999699e-001 -4.1948397e-001
 -2.0456745e-001 -4.8766702e-001
 -2.0343439e-001 -4.7038045e-001
 -2.1124815e-001 -4.6279437e-001
 -2.1367099e-001 -5.0354424e-001
 -1.9919998e-001 -4.5569553e-001
 -2.0470749e-001 -4.2814654e-001
 -2.0554881e-001 -4.5371697e-001
 -1.9072136e-001 -5.0428404e-001
 -2.0174887e-001 -5.1504575e-001
 -2.1253841e-001 -4.6951769e-001
 -1.9254490e-001 -4.9333134e-001
 -1.9130295e-001 -4.7318166e-001
 -6.9280009e-001 -4.6760834e-001
 -6.9765230e-001 -4.9344617e-001
 -6.8643888e-001 -4.8100539e-001
 -6.9273041e-001 -4.3322077e-001
 -6.8864445e-001 -3.8013273e-001
 -6.7552250e-001 -3.4333234e-001
 -6.7569991e-001 -3.3336771e-001
 -6.8715491e-001 -3.3522842e-001
 -6.9788998e-001 -2.8484225e-001
 -6.7906244e-001 -2.6013826e-001
 -6.9532846e-001 -3.0774435e-001
 -6.9776052e-001 -2.9798552e-001
 -6.8755863e-001 -2.9558300e-001
 -6.9127261e-001 -2.6789396e-001
 -6.7595710e-001 -1.8258881e-001
 -6.8230840e-001 -2.4940890e-001
 -6.8215388e-001 -1.8905680e-001
 -6.8453588e-001 -2.4906949e-001
 -6.8661093e-001 -1.6530114e-001
 -6.9188181e-001 -1.4052797e-001
 -6.7953211e-001 -1.3395740e-001
 -6.7954369e-001 -2.1973048e-001
 -6.7679964e-001 -2.0660073e-001
 -6.8145450e-001 -1.2331920e-001
 -6.8319827e-001 -1.5013485e-001
 -6.9059509e-001 -2.0736959e-001
 -6.8991759e-001 -2.0599782e-001
 -6.9114243e-001 -1.9756405e-001
 -6.9703872e-001 -1.6675996e-001
 -6.7989068e-001 -1.3620591e-001
 -6.7668737e-001 -1.9303761e-001
 -6.7957192e-001 -1.8117566e-001
 -6.7944759e-001 -1.3869437e-001
 -6.8854472e-001 -1.8216758e-001
 -6.8547768e-001 -1.8852279e-001
 -6.7763370e-001 -9.2709845e-002
 -6.9674783e-001 -1.3031485e-001
 -6.8029382e-001 -1.6963614e-001
 -6.8150489e-001 -1.5521851e-001
 -6.7450534e-001 -1.2681028e-001
 -6.8852387e-001 -1.2483916e-001
 -6.8227898e-001 -1.1753172e-001
 -6.7949002e-001 -1.8726114e-001
 -6.8725468e-001 -1.4631459e-001
 -6.8167645e-001 -1.7941738e-001
 -6.8331745e-001 -1.0734240e-001
 -6.7567186e-001 -9.9182360e-002
 -6.8160244e-001 -1.2672406e-001
 -6.8467323e-001 -1.4293008e-001
 -6.8324527e-001 -1.7042058e-001
 -6.8869469e-001 -1.3564016e-001
 -6.8318095e-001 -9.3730970e-002
 -6.9399878e-001 -9.6088277e-002
 -6.8230187e-001 -1.6000121e-001
 -6.9566306e-001 -1.3432523e-001
 -6.8351327e-001 -1.2189815e-001
 -6.9671028e-001 -8.7142267e-002
 -6.8964475e-001 -1.6038329e-001
 -6.8061397e-001 -1.3389906e-001
 -6.9404665e-001 -1.8291222e-001
 -6.7713531e-001 -1.5300626e-001
 -6.8658664e-001 -1.5451005e-001
 -6.8333241e-001 -1.1333276e-001
 -6.9141339e-001 -9.3268713e-002
 -6.9802131e-001 -9.9777666e-002
 -6.7850674e-001 -1.6094713e-001
 -6.7493484e-001 -1.3605969e-001
 -6.8997417e-001 -1.1515009e-001
 -6.8400465e-001 -8.5644422e-002
  3.3439631e-001 -9.1493092e-002
  3.4537392e-001 -1.0917612e-001
  3.4131361e-001 -8.2595421e-002
  3.3009815e-001 -1.2258767e-001
  3.3197839e-001 -2.8432080e-002
  3.3693792e-001 -4.1718614e-002
  3.3715229e-001  4.1043498e-002
  3.2894662e-001  6.5446285e-002
  3.4410972e-001  1.3664414e-001
  3.4267508e-001  1.4117155e-001
  3.3313758e-001  1.5725442e-001
  3.4236444e-001  1.9817563e-001
  3.4817252e-001  2.3281189e-001
  3.4221176e-001  2.7174529e-001
  3.4806234e-001  2.6999681e-001
  3.4737916e-001  2.8848097e-001
  3.4678518e-001  2.5296968e-001
  3.4396986e-001  3.2179638e-001
  3.3581860e-001  2.7993702e-001
  3.3355532e-001  2.8475768e-001
  3.3438417e-001  2.9241054e-001
  3.3708988e-001  3.0459381e-001
  3.4519887e-001  3.0187089e-001
  3.4390931e-001  3.8355040e-001
  3.2933406e-001  3.2658288e-001
  3.3443717e-001  3.7267702e-001
  3.4904459e-001  3.3539966e-001
  3.3250641e-001  4.1708600e-001
  3.3293340e-001  3.7199585e-001
  3.4602472e-001  3.2649469e-001
  3.3928680e-001  3.3325134e-001
  3.4962957e-001  3.7079561e-001
  3.3676243e-001  3.7481116e-001
  3.3743994e-001  4.3113292e-001
  3.4110269e-001  3.8721907e-001
  3.4398138e-001  4.3152823e-001
  3.3835468e-001  3.6224767e-001
  3.4114916e-001  4.3574890e-001
  3.3495904e-001  3.4361791e-001
  3.4742348e-001  4.3564585e-001
  3.4558995e-001  4.0804655e-001
  3.4492776e-001  4.0688708e-001
  3.4550901e-001  3.6109825e-001
  3.4872459e-001  3.8022764e-001
  3.4444209e-001  3.5615989e-001
  3.3495057e-001  3.4929029e-001
  3.3777094e-001  4.1923165e-001
  3.3853669e-001  3.5711580e-001
  3.3888045e-001  3.8582830e-001
  3.3118514e-001  4.1689947e-001
  3.4466879e-001  3.6084692e-001
  3.2972068e-001  4.2320989e-001
  3.3089054e-001  4.4303473e-001
  3.4683487e-001  3.8899483e-001
  3.4645773e-001  4.4479920e-001
  3.3595733e-001  4.3028036e-001
  3.4040028e-001  4.1595502e-001
  3.3353162e-001  4.0133959e-001
  3.3956126e-001  3.7992620e-001
  3.3251213e-001  4.4328357e-001
  3.4279972e-001  3.7605266e-001
  3.3652638e-001  3.8232497e-001
  3.4789300e-001  4.0105629e-001
  3.4049514e-001  4.4458145e-001
  3.4436346e-001  4.1875485e-001
  3.5066770e-001  4.1484761e-001
  3.4459823e-001  3.6211456e-001
  3.3337416e-001  4.0814382e-001
  3.4489686e-001  3.6647167e-001
 -8.9213994e-001  3.7068360e-001
 -8.8471613e-001  3.6231051e-001
 -8.9065805e-001  4.0976053e-001
 -8.9406723e-001  5.2485027e-001
 -8.9908389e-001  6.3851569e-001
 -8.9227689e-001  6.5175545e-001
 -9.0010399e-001  7.4173385e-001
 -8.9774177e-001  9.0032985e-001
 -8.8955793e-001  9.3455176e-001
 -9.0035567e-001  1.0703543e+000
 -8.9910940e-001  1.0591414e+000
 -8.8351096e-001  1.1054131e+000
 -8.8966364e-001  1.1772338e+000
 -9.0368415e-001  1.2253471e+000
 -8.9336393e-001  1.2622761e+000
 -8.9943643e-001  1.3678595e+000
 -8.8776751e-001  1.3743154e+000
 -8.9449579e-001  1.4234631e+000
 -9.0671323e-001  1.4881597e+000
 -8.8344672e-001  1.4764091e+000
 -8.9689197e-001  1.4579420e+000
 -9.0614039e-001  1.5250923e+000
 -8.8682934e-001  1.5060934e+000
 -8.9825605e-001  1.4916667e+000
 -8.9362422e-001  1.5291533e+000
 -9.0144696e-001  1.5667291e+000
 -8.9724139e-001  1.6075088e+000
 -8.8931484e-001  1.5419059e+000
 -8.9222544e-001  1.6047295e+000
 -8.8939928e-001  1.6395743e+000
 -8.8589743e-001  1.6285963e+000
 -8.9142287e-001  1.6259854e+000
 -8.9791519e-001  1.6095232e+000
 -8.9338382e-001  1.6269319e+000
 -9.0605979e-001  1.6328269e+000
 -9.0519449e-001  1.5957623e+000
 -8.9633347e-001  1.5969053e+000
 -8.8816603e-001  1.6741714e+000
 -8.9860808e-001  1.6490206e+000
 -8.8826814e-001  1.6938465e+000
 -8.9269209e-001  1.6777841e+000
 -8.8934011e-001  1.6814420e+000
 -9.0558078e-001  1.6754714e+000
 -8.9364473e-001  1.6188494e+000
 -8.9974060e-001  1.6626306e+000
 -8.9527610e-001  1.6149829e+000
 -8.9857820e-001  1.6478759e+000
 -9.0418008e-001  1.6799406e+000
 -8.9329618e-001  1.6935316e+000
 -8.8641136e-001  1.6431556e+000
 -8.9659672e-001  1.6654682e+000
 -8.8847579e-001  1.6285524e+000
 -8.9790212e-001  1.6782637e+000
 -8.9030340e-001  1.6420485e+000
 -9.0583264e-001  1.6388540e+000
 -8.9073490e-001  1.6834271e+000
 -9.0580124e-001  1.6554812e+000
 -8.9680853e-001  1.6767791e+000
 -8.8943024e-001  1.6879894e+000
 -9.0347402e-001  1.7042650e+000
 -9.0189221e-001  1.6298092e+000
 -8.9351692e-001  1.6296867e+000
 -9.0008857e-001  1.6666725e+000
 -8.9345348e-001  1.6337912e+000
 -8.9796963e-001  1.6224563e+000
 -8.9413759e-001  1.6405785e+000
 -8.9404004e-001  1.6682534e+000
 -8.8767541e-001  1.7045577e+000
 -8.9387367e-001  1.6717505e+000
 -6.7439163e-001  1.7141076e+000
 -6.8679012e-001  1.6609897e+000
 -6.6946972e-001  1.6018367e+000
 -6.8151443e-001  1.5143185e+000
 -6.8388376e-001  1.3798479e+000
 -6.6998351e-001  1.2837091e+000
 -6.7228071e-001  1.1240501e+000
 -6.6595696e-001  1.0090689e+000
 -6.6833100e-001  8.7262988e-001
 -6.7494229e-001  7.4140186e-001
 -6.8674777e-001  6.4593212e-001
 -6.6935505e-001  5.9440368e-001
 -6.8705211e-001  4.3664009e-001
 -6.8014576e-001  4.1224063e-001
 -6.8903724e-001  3.2465601e-001
 -6.8219280e-001  3.2130480e-001
 -6.8306485e-001  1.9426861e-001
 -6.7278287e-001  2.2266314e-001
 -6.7180247e-001  1.9090330e-001
 -6.6891256e-001  7.9440485e-002
 -6.6549026e-001  7.7642793e-002
 -6.8850602e-001  2.3521550e-002
 -6.8481334e-001  2.4101339e-002
 -6.7696052e-001  4.4992451e-002
 -6.8887130e-001 -2.0749281e-002
 -6.6773592e-001  7.5692998e-003
 -6.8491124e-001 -6.7868093e-002
 -6.8155742e-001 -5.0021130e-002
 -6.7057912e-001 -4.6034410e-002
 -6.6851850e-001 -8.1603633e-002
 -6.7014400e-001 -1.2556994e-001
 -6.6621633e-001 -7.7151352e-002
 -6.7414405e-001 -1.5831783e-001
 -6.7647583e-001 -1.5957279e-001
 -6.7453568e-001 -8.2094258e-002
 -6.7670883e-001 -1.5541152e-001
 -6.8588401e-001 -1.8374505e-001
 -6.6593976e-001 -1.2621260e-001
 -6.8464632e-001 -1.8333536e-001
 -6.7319473e-001 -1.5254006e-001
 -6.7139522e-001 -1.5343767e-001
 -6.7815208e-001 -1.7345238e-001
 -6.8228435e-001 -2.0979192e-001
 -6.7227355e-001 -1.6159238e-001
 -6.7094123e-001 -1.5833399e-001
 -6.7777765e-001 -1.8581587e-001
 -6.7975580e-001 -1.6904833e-001
 -6.7841093e-001 -2.1876234e-001
 -6.6970337e-001 -1.5352874e-001
 -6.6673046e-001 -1.5910969e-001
 -6.8500170e-001 -1.7461126e-001
 -6.7679926e-001 -2.0037222e-001
 -6.7154412e-001 -1.4426279e-001
 -6.7399172e-001 -1.5307039e-001
 -6.7762826e-001 -1.5080572e-001
 -6.6699196e-001 -1.5010246e-001
 -6.8054010e-001 -1.6956781e-001
 -6.8000080e-001 -1.9492098e-001
 -6.8404522e-001 -1.7743515e-001
 -6.6711848e-001 -2.2178786e-001
 -6.6600132e-001 -1.6832113e-001
 -6.7846079e-001 -1.4821803e-001
 -6.6529159e-001 -2.1780920e-001
 -6.8772108e-001 -2.0729960e-001
 -6.7645187e-001 -2.2283500e-001
 -6.7304880e-001 -1.7021798e-001
 -6.7710602e-001 -1.5919363e-001
 -6.8406673e-001 -2.0369834e-001
 -6.7292496e-001 -2.0155574e-001
 -9.0861781e-001 -1.7180272e-001
 -9.2000492e-001 -1.8126800e-001
 -9.1139483e-001 -9.4332224e-002
 -9.0186803e-001  5.8021036e-002
 -9.1883179e-001  1.1131348e-001
 -8.9975122e-001  3.3827995e-001
 -9.1988323e-001  4.4714876e-001
 -9.1847571e-001  6.1864986e-001
 -9.1803725e-001  6.9202319e-001
 -9.2279064e-001  8.6966309e-001
 -9.0606508e-001  9.3350558e-001
 -9.0801598e-001  1.0121928e+000
 -8.9973611e-001  1.1070099e+000
 -9.0757550e-001  1.1676381e+000
 -9.0598789e-001  1.2683051e+000
 -9.2293943e-001  1.3184154e+000
 -9.1504788e-001  1.3576904e+000
 -9.0727681e-001  1.4325185e+000
 -9.2016251e-001  1.4544775e+000
 -9.0044724e-001  1.5255106e+000
 -9.0759879e-001  1.6075180e+000
 -9.2038701e-001  1.6129046e+000
 -9.1413107e-001  1.6044250e+000
 -9.1548683e-001  1.6498760e+000
 -9.0415142e-001  1.6453451e+000
 -9.1595802e-001  1.7526924e+000
 -8.9979474e-001  1.7303971e+000
 -9.0383254e-001  1.7074675e+000
 -9.0308125e-001  1.7199994e+000
 -9.0691514e-001  1.8134890e+000
 -9.0376411e-001  1.7433378e+000
 -9.1756822e-001  1.8296207e+000
 -9.0859503e-001  1.8483015e+000
 -9.2128328e-001  1.7758483e+000
 -8.9958473e-001  1.8194423e+000
 -9.0733162e-001  1.7949445e+000
 -9.2286494e-001  1.7856342e+000
 -9.1012883e-001  1.8621550e+000
 -9.2302112e-001  1.8378079e+000
 -9.0369167e-001  1.8260792e+000
 -9.0846155e-001  1.8063757e+000
 -9.0643086e-001  1.8048859e+000
 -8.9973498e-001  1.8281941e+000
 -9.1187511e-001  1.8922238e+000
 -9.0374440e-001  1.8802844e+000
 -9.0259279e-001  1.9039861e+000
 -9.0367902e-001  1.8840851e+000
 -9.0058441e-001  1.8304564e+000
 -9.1772355e-001  1.8142032e+000
 -9.0222287e-001  1.8749022e+000
 -9.0233235e-001  1.8761864e+000
 -9.0167085e-001  1.8778979e+000
 -9.1444708e-001  1.9036110e+000
 -9.0354679e-001  1.8330836e+000
 -9.0128704e-001  1.8621262e+000
 -9.2257081e-001  1.8672565e+000
 -9.1612870e-001  1.8196336e+000
 -9.0673216e-001  1.8954598e+000
 -9.1083560e-001  1.8749578e+000
 -9.2163938e-001  1.8557191e+000
 -9.0025175e-001  1.8533322e+000
 -9.0445439e-001  1.8391173e+000
 -9.1119560e-001  1.9108587e+000
 -9.0670445e-001  1.8678996e+000
 -9.0098558e-001  1.8363766e+000
 -9.0589498e-001  1.8506549e+000
 -9.0069823e-001  1.9106013e+000
 -9.1866499e-001  1.8725433e+000
 -8.9981081e-001  1.8651356e+000
 -4.4112135e-001  1.9060992e+000
 -4.3025466e-001  1.8509083e+000
 -4.3714544e-001  1.7374421e+000
 -4.2841226e-001  1.6447639e+000
 -4.4446361e-001  1.4757924e+000
 -4.4578439e-001  1.2087307e+000
 -4.4376683e-001  1.0684928e+000
 -4.4372002e-001  8.9920917e-001
 -4.3974670e-001  7.1745323e-001
 -4.3792202e-001  5.5488273e-001
 -4.4366537e-001  4.4511920e-001
 -4.3420656e-001  3.2908915e-001
 -4.4297161e-001  2.2853462e-001
 -4.3283022e-001  5.5167589e-002
 -4.3146353e-001  2.5671707e-002
 -4.4128381e-001 -1.0407829e-001
 -4.2514385e-001 -2.0128163e-001
 -4.4175542e-001 -1.8262460e-001
 -4.3945899e-001 -2.3917464e-001
 -4.3787651e-001 -2.9210693e-001
 -4.4094467e-001 -3.8332563e-001
 -4.2590453e-001 -4.5082822e-001
 -4.3836353e-001 -4.1686251e-001
 -4.3721654e-001 -4.5908991e-001
 -4.4316373e-001 -5.2178093e-001
 -4.3496834e-001 -5.3082925e-001
 -4.3737415e-001 -6.0538056e-001
 -4.3382018e-001 -5.4773966e-001
 -4.4206116e-001 -6.0613369e-001
 -4.3937088e-001 -6.4213569e-001
 -4.3005420e-001 -6.8537002e-001
 -4.4078044e-001 -6.9836474e-001
 -4.3093056e-001 -6.3958853e-001
 -4.2362199e-001 -7.1707075e-001
 -4.4522995e-001 -6.3176235e-001
 -4.3726993e-001 -7.2094207e-001
 -4.3077535e-001 -7.4079506e-001
 -4.3066343e-001 -7.3829292e-001
 -4.3141158e-001 -7.1750622e-001
 -4.3551232e-001 -7.0644169e-001
 -4.2840054e-001 -7.6474053e-001
 -4.2829328e-001 -7.1333390e-001
 -4.2459666e-001 -7.3076258e-001
 -4.3335498e-001 -6.7947436e-001
 -4.3351183e-001 -6.8881359e-001
 -4.3929004e-001 -7.0725111e-001
 -4.4080955e-001 -7.4958404e-001
 -4.4431146e-001 -7.5377386e-001
 -4.4436382e-001 -7.0985925e-001
 -4.4497827e-001 -7.8157090e-001
 -4.2801127e-001 -7.2123563e-001
 -4.3205687e-001 -7.9201369e-001
 -4.2542975e-001 -7.0432462e-001
 -4.4016535e-001 -7.8981795e-001
 -4.3959529e-001 -7.5734561e-001
 -4.3314825e-001 -7.7975953e-001
 -4.4233742e-001 -7.2496155e-001
  6.1885251e-001 -7.8370015e-001
